10941	0.20008496176720472	0.7997026338147832	2.1240441801189462E-4
10942	0.20008496176720472	0.7997026338147832	2.1240441801189462E-4
10943	2.1240441801189462E-4	0.7997026338147832	0.20008496176720472
10944	0.20008496176720472	0.7997026338147832	2.1240441801189462E-4
10945	2.1240441801189462E-4	0.9995751911639761	2.1240441801189462E-4
10946	2.1240441801189462E-4	0.9995751911639761	2.1240441801189462E-4
10947	0.3999575191163976	0.5998300764655904	2.1240441801189462E-4
10948	2.1240441801189462E-4	0.9995751911639761	2.1240441801189462E-4
10949	2.1240441801189462E-4	0.9995751911639761	2.1240441801189462E-4
10950	0.3999575191163976	0.5998300764655904	2.1240441801189462E-4
10951	2.1240441801189462E-4	0.9995751911639761	2.1240441801189462E-4
10952	0.20008496176720472	0.7997026338147832	2.1240441801189462E-4
10953	0.20008496176720472	0.7997026338147832	2.1240441801189462E-4
10954	0.20008496176720472	0.5998300764655904	0.20008496176720472
10955	0.20008496176720472	0.7997026338147832	2.1240441801189462E-4
10956	0.20008496176720472	0.5998300764655904	0.20008496176720472
10957	0.20008496176720472	0.7997026338147832	2.1240441801189462E-4
10958	2.1240441801189462E-4	0.9995751911639761	2.1240441801189462E-4
10959	0.7997026338147832	0.20008496176720472	2.1240441801189462E-4
10960	0.5998300764655904	0.3999575191163976	2.1240441801189462E-4
10961	0.20008496176720472	0.5998300764655904	0.20008496176720472
10962	0.20008496176720472	0.7997026338147832	2.1240441801189462E-4
10963	0.20008496176720472	0.5998300764655904	0.20008496176720472
10964	0.3999575191163976	0.5998300764655904	2.1240441801189462E-4
10965	0.20008496176720472	0.7997026338147832	2.1240441801189462E-4
10966	0.20008496176720472	0.7997026338147832	2.1240441801189462E-4
10967	0.3999575191163976	0.5998300764655904	2.1240441801189462E-4
10968	0.20008496176720472	0.7997026338147832	2.1240441801189462E-4
10969	2.1240441801189462E-4	0.9995751911639761	2.1240441801189462E-4
10970	2.1240441801189462E-4	0.9995751911639761	2.1240441801189462E-4
10971	0.20008496176720472	0.5998300764655904	0.20008496176720472
10972	0.20008496176720472	0.7997026338147832	2.1240441801189462E-4
10973	0.20008496176720472	0.7997026338147832	2.1240441801189462E-4
10974	0.20008496176720472	0.7997026338147832	2.1240441801189462E-4
10975	0.20008496176720472	0.5998300764655904	0.20008496176720472
10976	0.20008496176720472	0.7997026338147832	2.1240441801189462E-4
10977	0.5998300764655904	0.3999575191163976	2.1240441801189462E-4
10978	2.1240441801189462E-4	0.9995751911639761	2.1240441801189462E-4
10979	2.1240441801189462E-4	0.9995751911639761	2.1240441801189462E-4
10980	0.20008496176720472	0.5998300764655904	0.20008496176720472
10981	0.20008496176720472	0.7997026338147832	2.1240441801189462E-4
10982	2.1240441801189462E-4	0.9995751911639761	2.1240441801189462E-4
10983	2.1240441801189462E-4	0.9995751911639761	2.1240441801189462E-4
10984	2.1240441801189462E-4	0.9995751911639761	2.1240441801189462E-4
10985	2.1240441801189462E-4	0.9995751911639761	2.1240441801189462E-4
10986	2.1240441801189462E-4	0.9995751911639761	2.1240441801189462E-4
10987	0.20008496176720472	0.5998300764655904	0.20008496176720472
10988	0.20008496176720472	0.7997026338147832	2.1240441801189462E-4
10989	0.20008496176720472	0.7997026338147832	2.1240441801189462E-4
10990	0.20008496176720472	0.7997026338147832	2.1240441801189462E-4
10991	2.1240441801189462E-4	0.9995751911639761	2.1240441801189462E-4
10992	0.3999575191163976	0.5998300764655904	2.1240441801189462E-4
10993	0.3999575191163976	0.5998300764655904	2.1240441801189462E-4
10994	0.20008496176720472	0.5998300764655904	0.20008496176720472
10995	2.1240441801189462E-4	0.7997026338147832	0.20008496176720472
10996	0.20008496176720472	0.7997026338147832	2.1240441801189462E-4
10997	0.20008496176720472	0.7997026338147832	2.1240441801189462E-4
10998	2.1240441801189462E-4	0.9995751911639761	2.1240441801189462E-4
10999	2.1240441801189462E-4	0.9995751911639761	2.1240441801189462E-4
11000	0.20008496176720472	0.7997026338147832	2.1240441801189462E-4
11001	2.1240441801189462E-4	0.9995751911639761	2.1240441801189462E-4
11002	2.1240441801189462E-4	0.9995751911639761	2.1240441801189462E-4
11003	2.1240441801189462E-4	0.9995751911639761	2.1240441801189462E-4
11004	2.1240441801189462E-4	0.9995751911639761	2.1240441801189462E-4
11005	2.1240441801189462E-4	0.9995751911639761	2.1240441801189462E-4
11006	2.1240441801189462E-4	0.9995751911639761	2.1240441801189462E-4
11007	0.20008496176720472	0.7997026338147832	2.1240441801189462E-4
11008	0.20008496176720472	0.7997026338147832	2.1240441801189462E-4
11009	0.20008496176720472	0.7997026338147832	2.1240441801189462E-4
11010	0.20008496176720472	0.7997026338147832	2.1240441801189462E-4
11011	0.20008496176720472	0.7997026338147832	2.1240441801189462E-4
11012	0.3999575191163976	0.5998300764655904	2.1240441801189462E-4
11013	0.20008496176720472	0.7997026338147832	2.1240441801189462E-4
11014	0.20008496176720472	0.7997026338147832	2.1240441801189462E-4
11015	2.1240441801189462E-4	0.9995751911639761	2.1240441801189462E-4
11016	2.1240441801189462E-4	0.9995751911639761	2.1240441801189462E-4
11017	2.1240441801189462E-4	0.9995751911639761	2.1240441801189462E-4
11018	0.20008496176720472	0.5998300764655904	0.20008496176720472
11019	2.1240441801189462E-4	0.9995751911639761	2.1240441801189462E-4
11020	2.1240441801189462E-4	0.7997026338147832	0.20008496176720472
11021	0.20008496176720472	0.7997026338147832	2.1240441801189462E-4
11022	0.20008496176720472	0.7997026338147832	2.1240441801189462E-4
11023	2.1240441801189462E-4	0.9995751911639761	2.1240441801189462E-4
11024	0.20008496176720472	0.7997026338147832	2.1240441801189462E-4
11025	0.3999575191163976	0.5998300764655904	2.1240441801189462E-4
11026	0.20008496176720472	0.7997026338147832	2.1240441801189462E-4
11027	0.20008496176720472	0.7997026338147832	2.1240441801189462E-4
11028	2.1240441801189462E-4	0.9995751911639761	2.1240441801189462E-4
11029	0.3999575191163976	0.5998300764655904	2.1240441801189462E-4
11030	0.20008496176720472	0.7997026338147832	2.1240441801189462E-4
11031	0.20008496176720472	0.7997026338147832	2.1240441801189462E-4
11032	2.1240441801189462E-4	0.5998300764655904	0.3999575191163976
11033	0.20008496176720472	0.7997026338147832	2.1240441801189462E-4
11034	0.20008496176720472	0.7997026338147832	2.1240441801189462E-4
11035	0.20008496176720472	0.5998300764655904	0.20008496176720472
11036	0.20008496176720472	0.5998300764655904	0.20008496176720472
11037	0.20008496176720472	0.5998300764655904	0.20008496176720472
11038	0.20008496176720472	0.5998300764655904	0.20008496176720472
11039	0.3999575191163976	0.5998300764655904	2.1240441801189462E-4
11040	0.3999575191163976	0.5998300764655904	2.1240441801189462E-4
11041	0.3999575191163976	0.5998300764655904	2.1240441801189462E-4
11042	0.20008496176720472	0.7997026338147832	2.1240441801189462E-4
11043	0.20008496176720472	0.7997026338147832	2.1240441801189462E-4
11044	2.1240441801189462E-4	0.5998300764655904	0.3999575191163976
11045	2.1240441801189462E-4	0.9995751911639761	2.1240441801189462E-4
11046	2.1240441801189462E-4	0.9995751911639761	2.1240441801189462E-4
11047	0.3999575191163976	0.5998300764655904	2.1240441801189462E-4
11048	0.20008496176720472	0.7997026338147832	2.1240441801189462E-4
11049	0.20008496176720472	0.7997026338147832	2.1240441801189462E-4
11050	0.20008496176720472	0.7997026338147832	2.1240441801189462E-4
11051	0.20008496176720472	0.7997026338147832	2.1240441801189462E-4
11052	0.20008496176720472	0.7997026338147832	2.1240441801189462E-4
11053	2.1240441801189462E-4	0.5998300764655904	0.3999575191163976
11054	2.1240441801189462E-4	0.5998300764655904	0.3999575191163976
11055	0.5998300764655904	0.3999575191163976	2.1240441801189462E-4
11056	0.5998300764655904	0.3999575191163976	2.1240441801189462E-4
11057	2.1240441801189462E-4	0.9995751911639761	2.1240441801189462E-4
11058	0.20008496176720472	0.7997026338147832	2.1240441801189462E-4
11059	0.20008496176720472	0.7997026338147832	2.1240441801189462E-4
11060	0.3999575191163976	0.5998300764655904	2.1240441801189462E-4
11061	0.3999575191163976	0.5998300764655904	2.1240441801189462E-4
11062	0.20008496176720472	0.7997026338147832	2.1240441801189462E-4
11063	0.5998300764655904	0.3999575191163976	2.1240441801189462E-4
11064	0.3999575191163976	0.5998300764655904	2.1240441801189462E-4
11065	0.20008496176720472	0.7997026338147832	2.1240441801189462E-4
11066	0.3999575191163976	0.3999575191163976	0.20008496176720472
11067	0.20008496176720472	0.5998300764655904	0.20008496176720472
11068	0.20008496176720472	0.7997026338147832	2.1240441801189462E-4
11069	0.3999575191163976	0.5998300764655904	2.1240441801189462E-4
11070	2.1240441801189462E-4	0.9995751911639761	2.1240441801189462E-4
11071	2.1240441801189462E-4	0.7997026338147832	0.20008496176720472
11072	2.1240441801189462E-4	0.9995751911639761	2.1240441801189462E-4
11073	2.1240441801189462E-4	0.9995751911639761	2.1240441801189462E-4
11074	0.20008496176720472	0.7997026338147832	2.1240441801189462E-4
11075	2.1240441801189462E-4	0.9995751911639761	2.1240441801189462E-4
11076	2.1240441801189462E-4	0.9995751911639761	2.1240441801189462E-4
11077	0.20008496176720472	0.5998300764655904	0.20008496176720472
11078	0.20008496176720472	0.7997026338147832	2.1240441801189462E-4
11079	0.20008496176720472	0.7997026338147832	2.1240441801189462E-4
11080	0.20008496176720472	0.5998300764655904	0.20008496176720472
11081	2.1240441801189462E-4	0.7997026338147832	0.20008496176720472
11082	2.1240441801189462E-4	0.7997026338147832	0.20008496176720472
11083	0.3999575191163976	0.5998300764655904	2.1240441801189462E-4
11084	0.20008496176720472	0.7997026338147832	2.1240441801189462E-4
11085	0.20008496176720472	0.7997026338147832	2.1240441801189462E-4
11086	2.1240441801189462E-4	0.9995751911639761	2.1240441801189462E-4
11087	0.20008496176720472	0.7997026338147832	2.1240441801189462E-4
11088	0.20008496176720472	0.7997026338147832	2.1240441801189462E-4
11089	0.20008496176720472	0.7997026338147832	2.1240441801189462E-4
11090	2.1240441801189462E-4	0.9995751911639761	2.1240441801189462E-4
11091	0.3999575191163976	0.5998300764655904	2.1240441801189462E-4
11092	0.20008496176720472	0.5998300764655904	0.20008496176720472
11093	0.5998300764655904	0.3999575191163976	2.1240441801189462E-4
11094	2.1240441801189462E-4	0.7997026338147832	0.20008496176720472
11095	2.1240441801189462E-4	0.7997026338147832	0.20008496176720472
11096	0.20008496176720472	0.7997026338147832	2.1240441801189462E-4
11097	0.20008496176720472	0.5998300764655904	0.20008496176720472
11098	0.3999575191163976	0.5998300764655904	2.1240441801189462E-4
11099	0.20008496176720472	0.7997026338147832	2.1240441801189462E-4
11100	2.1240441801189462E-4	0.9995751911639761	2.1240441801189462E-4
11101	2.1240441801189462E-4	0.9995751911639761	2.1240441801189462E-4
11102	2.1240441801189462E-4	0.9995751911639761	2.1240441801189462E-4
11103	2.1240441801189462E-4	0.9995751911639761	2.1240441801189462E-4
11104	2.1240441801189462E-4	0.9995751911639761	2.1240441801189462E-4
11105	2.1240441801189462E-4	0.9995751911639761	2.1240441801189462E-4
11106	0.3999575191163976	0.5998300764655904	2.1240441801189462E-4
11107	0.20008496176720472	0.7997026338147832	2.1240441801189462E-4
11108	0.20008496176720472	0.7997026338147832	2.1240441801189462E-4
11109	2.1240441801189462E-4	0.7997026338147832	0.20008496176720472
11110	2.1240441801189462E-4	0.9995751911639761	2.1240441801189462E-4
11111	0.3999575191163976	0.5998300764655904	2.1240441801189462E-4
11112	2.1240441801189462E-4	0.7997026338147832	0.20008496176720472
11113	0.3999575191163976	0.5998300764655904	2.1240441801189462E-4
11114	2.1240441801189462E-4	0.9995751911639761	2.1240441801189462E-4
11115	2.1240441801189462E-4	0.7997026338147832	0.20008496176720472
11116	2.1240441801189462E-4	0.9995751911639761	2.1240441801189462E-4
11117	2.1240441801189462E-4	0.9995751911639761	2.1240441801189462E-4
11118	0.20008496176720472	0.5998300764655904	0.20008496176720472
11119	0.20008496176720472	0.3999575191163976	0.3999575191163976
11120	2.1240441801189462E-4	0.7997026338147832	0.20008496176720472
11121	0.5998300764655904	0.3999575191163976	2.1240441801189462E-4
11122	0.20008496176720472	0.7997026338147832	2.1240441801189462E-4
11123	0.20008496176720472	0.5998300764655904	0.20008496176720472
11124	0.20008496176720472	0.7997026338147832	2.1240441801189462E-4
11125	2.1240441801189462E-4	0.9995751911639761	2.1240441801189462E-4
11126	0.20008496176720472	0.5998300764655904	0.20008496176720472
11127	2.1240441801189462E-4	0.7997026338147832	0.20008496176720472
11128	2.1240441801189462E-4	0.7997026338147832	0.20008496176720472
11129	0.20008496176720472	0.7997026338147832	2.1240441801189462E-4
11130	2.1240441801189462E-4	0.9995751911639761	2.1240441801189462E-4
11131	2.1240441801189462E-4	0.9995751911639761	2.1240441801189462E-4
11132	0.20008496176720472	0.5998300764655904	0.20008496176720472
11133	0.20008496176720472	0.7997026338147832	2.1240441801189462E-4
11134	0.20008496176720472	0.7997026338147832	2.1240441801189462E-4
11135	0.5998300764655904	0.3999575191163976	2.1240441801189462E-4
11136	2.1240441801189462E-4	0.9995751911639761	2.1240441801189462E-4
11137	0.20008496176720472	0.7997026338147832	2.1240441801189462E-4
11138	2.1240441801189462E-4	0.7997026338147832	0.20008496176720472
11139	2.1240441801189462E-4	0.7997026338147832	0.20008496176720472
11140	0.3999575191163976	0.5998300764655904	2.1240441801189462E-4
11141	0.3999575191163976	0.5998300764655904	2.1240441801189462E-4
11142	0.20008496176720472	0.7997026338147832	2.1240441801189462E-4
11143	0.20008496176720472	0.7997026338147832	2.1240441801189462E-4
11144	2.1240441801189462E-4	0.9995751911639761	2.1240441801189462E-4
11145	0.3999575191163976	0.5998300764655904	2.1240441801189462E-4
11146	0.3999575191163976	0.5998300764655904	2.1240441801189462E-4
11147	0.5998300764655904	0.3999575191163976	2.1240441801189462E-4
11148	0.5998300764655904	0.3999575191163976	2.1240441801189462E-4
11149	0.20008496176720472	0.7997026338147832	2.1240441801189462E-4
11150	0.20008496176720472	0.7997026338147832	2.1240441801189462E-4
11151	0.20008496176720472	0.7997026338147832	2.1240441801189462E-4
11152	0.20008496176720472	0.7997026338147832	2.1240441801189462E-4
11153	2.1240441801189462E-4	0.5998300764655904	0.3999575191163976
11154	0.20008496176720472	0.7997026338147832	2.1240441801189462E-4
11155	2.1240441801189462E-4	0.9995751911639761	2.1240441801189462E-4
11156	2.1240441801189462E-4	0.9995751911639761	2.1240441801189462E-4
11157	0.20008496176720472	0.7997026338147832	2.1240441801189462E-4
11158	0.20008496176720472	0.5998300764655904	0.20008496176720472
11159	0.20008496176720472	0.7997026338147832	2.1240441801189462E-4
11160	0.20008496176720472	0.5998300764655904	0.20008496176720472
11161	0.3999575191163976	0.3999575191163976	0.20008496176720472
11162	0.3999575191163976	0.5998300764655904	2.1240441801189462E-4
11163	2.1240441801189462E-4	0.7997026338147832	0.20008496176720472
11164	0.20008496176720472	0.7997026338147832	2.1240441801189462E-4
11165	0.5998300764655904	0.3999575191163976	2.1240441801189462E-4
11166	0.20008496176720472	0.7997026338147832	2.1240441801189462E-4
11167	0.20008496176720472	0.7997026338147832	2.1240441801189462E-4
11168	2.1240441801189462E-4	0.9995751911639761	2.1240441801189462E-4
11169	0.20008496176720472	0.5998300764655904	0.20008496176720472
11170	0.20008496176720472	0.7997026338147832	2.1240441801189462E-4
11171	0.3999575191163976	0.5998300764655904	2.1240441801189462E-4
11172	2.1240441801189462E-4	0.9995751911639761	2.1240441801189462E-4
11173	0.3999575191163976	0.3999575191163976	0.20008496176720472
11174	2.1240441801189462E-4	0.9995751911639761	2.1240441801189462E-4
11175	2.1240441801189462E-4	0.9995751911639761	2.1240441801189462E-4
11176	2.1240441801189462E-4	0.9995751911639761	2.1240441801189462E-4
11177	0.3999575191163976	0.5998300764655904	2.1240441801189462E-4
11178	2.1240441801189462E-4	0.9995751911639761	2.1240441801189462E-4
11179	0.20008496176720472	0.7997026338147832	2.1240441801189462E-4
11180	0.20008496176720472	0.7997026338147832	2.1240441801189462E-4
11181	0.20008496176720472	0.7997026338147832	2.1240441801189462E-4
11182	0.3999575191163976	0.5998300764655904	2.1240441801189462E-4
11183	2.1240441801189462E-4	0.9995751911639761	2.1240441801189462E-4
11184	2.1240441801189462E-4	0.9995751911639761	2.1240441801189462E-4
11185	2.1240441801189462E-4	0.9995751911639761	2.1240441801189462E-4
11186	2.1240441801189462E-4	0.9995751911639761	2.1240441801189462E-4
11187	0.20008496176720472	0.7997026338147832	2.1240441801189462E-4
11188	0.20008496176720472	0.7997026338147832	2.1240441801189462E-4
11189	2.1240441801189462E-4	0.9995751911639761	2.1240441801189462E-4
11190	0.20008496176720472	0.7997026338147832	2.1240441801189462E-4
11191	2.1240441801189462E-4	0.9995751911639761	2.1240441801189462E-4
11192	2.1240441801189462E-4	0.7997026338147832	0.20008496176720472
11193	0.3999575191163976	0.20008496176720472	0.3999575191163976
11194	2.1240441801189462E-4	0.9995751911639761	2.1240441801189462E-4
11195	2.1240441801189462E-4	0.9995751911639761	2.1240441801189462E-4
11196	0.20008496176720472	0.7997026338147832	2.1240441801189462E-4
11197	2.1240441801189462E-4	0.9995751911639761	2.1240441801189462E-4
11198	0.3999575191163976	0.5998300764655904	2.1240441801189462E-4
11199	0.3999575191163976	0.5998300764655904	2.1240441801189462E-4
11200	2.1240441801189462E-4	0.7997026338147832	0.20008496176720472
11201	2.1240441801189462E-4	0.9995751911639761	2.1240441801189462E-4
11202	2.1240441801189462E-4	0.9995751911639761	2.1240441801189462E-4
11203	2.1240441801189462E-4	0.9995751911639761	2.1240441801189462E-4
11204	2.1240441801189462E-4	0.9995751911639761	2.1240441801189462E-4
11205	0.20008496176720472	0.7997026338147832	2.1240441801189462E-4
11206	0.20008496176720472	0.7997026338147832	2.1240441801189462E-4
11207	0.20008496176720472	0.7997026338147832	2.1240441801189462E-4
11208	0.20008496176720472	0.5998300764655904	0.20008496176720472
11209	2.1240441801189462E-4	0.9995751911639761	2.1240441801189462E-4
11210	2.1240441801189462E-4	0.9995751911639761	2.1240441801189462E-4
11211	2.1240441801189462E-4	0.9995751911639761	2.1240441801189462E-4
11212	0.20008496176720472	0.5998300764655904	0.20008496176720472
11213	0.20008496176720472	0.7997026338147832	2.1240441801189462E-4
11214	2.1240441801189462E-4	0.7997026338147832	0.20008496176720472
11215	0.20008496176720472	0.7997026338147832	2.1240441801189462E-4
11216	0.20008496176720472	0.5998300764655904	0.20008496176720472
11217	2.1240441801189462E-4	0.9995751911639761	2.1240441801189462E-4
11218	2.1240441801189462E-4	0.9995751911639761	2.1240441801189462E-4
11219	0.20008496176720472	0.7997026338147832	2.1240441801189462E-4
11220	2.1240441801189462E-4	0.9995751911639761	2.1240441801189462E-4
11221	2.1240441801189462E-4	0.9995751911639761	2.1240441801189462E-4
11222	0.20008496176720472	0.7997026338147832	2.1240441801189462E-4
11223	2.1240441801189462E-4	0.9995751911639761	2.1240441801189462E-4
11224	2.1240441801189462E-4	0.7997026338147832	0.20008496176720472
11225	0.20008496176720472	0.7997026338147832	2.1240441801189462E-4
11226	0.20008496176720472	0.7997026338147832	2.1240441801189462E-4
11227	2.1240441801189462E-4	0.7997026338147832	0.20008496176720472
11228	2.1240441801189462E-4	0.9995751911639761	2.1240441801189462E-4
11229	0.20008496176720472	0.5998300764655904	0.20008496176720472
11230	0.3999575191163976	0.5998300764655904	2.1240441801189462E-4
11231	0.3999575191163976	0.5998300764655904	2.1240441801189462E-4
11232	2.1240441801189462E-4	0.9995751911639761	2.1240441801189462E-4
11233	0.20008496176720472	0.7997026338147832	2.1240441801189462E-4
11234	0.20008496176720472	0.7997026338147832	2.1240441801189462E-4
11235	0.20008496176720472	0.7997026338147832	2.1240441801189462E-4
11236	2.1240441801189462E-4	0.7997026338147832	0.20008496176720472
11237	2.1240441801189462E-4	0.9995751911639761	2.1240441801189462E-4
11238	0.20008496176720472	0.7997026338147832	2.1240441801189462E-4
11239	0.20008496176720472	0.7997026338147832	2.1240441801189462E-4
11240	0.20008496176720472	0.5998300764655904	0.20008496176720472
11241	0.3999575191163976	0.5998300764655904	2.1240441801189462E-4
11242	0.3999575191163976	0.5998300764655904	2.1240441801189462E-4
11243	0.20008496176720472	0.5998300764655904	0.20008496176720472
11244	0.5998300764655904	0.3999575191163976	2.1240441801189462E-4
11245	0.20008496176720472	0.7997026338147832	2.1240441801189462E-4
11246	0.20008496176720472	0.7997026338147832	2.1240441801189462E-4
11247	0.3999575191163976	0.5998300764655904	2.1240441801189462E-4
11248	0.20008496176720472	0.5998300764655904	0.20008496176720472
11249	2.1240441801189462E-4	0.9995751911639761	2.1240441801189462E-4
11250	0.20008496176720472	0.5998300764655904	0.20008496176720472
11251	0.3999575191163976	0.5998300764655904	2.1240441801189462E-4
11252	0.20008496176720472	0.7997026338147832	2.1240441801189462E-4
11253	2.1240441801189462E-4	0.7997026338147832	0.20008496176720472
11254	2.1240441801189462E-4	0.7997026338147832	0.20008496176720472
11255	0.20008496176720472	0.7997026338147832	2.1240441801189462E-4
11256	0.3999575191163976	0.5998300764655904	2.1240441801189462E-4
11257	0.20008496176720472	0.7997026338147832	2.1240441801189462E-4
11258	2.1240441801189462E-4	0.9995751911639761	2.1240441801189462E-4
11259	0.3999575191163976	0.5998300764655904	2.1240441801189462E-4
11260	2.1240441801189462E-4	0.9995751911639761	2.1240441801189462E-4
11261	0.20008496176720472	0.5998300764655904	0.20008496176720472
11262	0.3999575191163976	0.5998300764655904	2.1240441801189462E-4
11263	0.20008496176720472	0.7997026338147832	2.1240441801189462E-4
11264	2.1240441801189462E-4	0.7997026338147832	0.20008496176720472
11265	2.1240441801189462E-4	0.7997026338147832	0.20008496176720472
11266	0.3999575191163976	0.5998300764655904	2.1240441801189462E-4
11267	0.20008496176720472	0.7997026338147832	2.1240441801189462E-4
11268	0.20008496176720472	0.7997026338147832	2.1240441801189462E-4
11269	0.20008496176720472	0.7997026338147832	2.1240441801189462E-4
11270	2.1240441801189462E-4	0.9995751911639761	2.1240441801189462E-4
11271	2.1240441801189462E-4	0.9995751911639761	2.1240441801189462E-4
11272	2.1240441801189462E-4	0.9995751911639761	2.1240441801189462E-4
11273	2.1240441801189462E-4	0.9995751911639761	2.1240441801189462E-4
11274	2.1240441801189462E-4	0.7997026338147832	0.20008496176720472
11275	0.20008496176720472	0.7997026338147832	2.1240441801189462E-4
11276	2.1240441801189462E-4	0.9995751911639761	2.1240441801189462E-4
11277	2.1240441801189462E-4	0.9995751911639761	2.1240441801189462E-4
11278	0.20008496176720472	0.7997026338147832	2.1240441801189462E-4
11279	2.1240441801189462E-4	0.9995751911639761	2.1240441801189462E-4
11280	2.1240441801189462E-4	0.9995751911639761	2.1240441801189462E-4
11281	2.1240441801189462E-4	0.9995751911639761	2.1240441801189462E-4
11282	2.1240441801189462E-4	0.9995751911639761	2.1240441801189462E-4
11283	2.1240441801189462E-4	0.9995751911639761	2.1240441801189462E-4
11284	0.20008496176720472	0.5998300764655904	0.20008496176720472
11285	0.20008496176720472	0.7997026338147832	2.1240441801189462E-4
11286	0.20008496176720472	0.7997026338147832	2.1240441801189462E-4
11287	0.20008496176720472	0.7997026338147832	2.1240441801189462E-4
11288	2.1240441801189462E-4	0.9995751911639761	2.1240441801189462E-4
11289	0.20008496176720472	0.7997026338147832	2.1240441801189462E-4
11290	2.1240441801189462E-4	0.9995751911639761	2.1240441801189462E-4
11291	0.20008496176720472	0.7997026338147832	2.1240441801189462E-4
11292	0.20008496176720472	0.7997026338147832	2.1240441801189462E-4
11293	2.1240441801189462E-4	0.9995751911639761	2.1240441801189462E-4
11294	2.1240441801189462E-4	0.9995751911639761	2.1240441801189462E-4
11295	2.1240441801189462E-4	0.9995751911639761	2.1240441801189462E-4
11296	0.20008496176720472	0.7997026338147832	2.1240441801189462E-4
11297	0.20008496176720472	0.7997026338147832	2.1240441801189462E-4
11298	0.20008496176720472	0.7997026338147832	2.1240441801189462E-4
11299	0.20008496176720472	0.7997026338147832	2.1240441801189462E-4
11300	0.20008496176720472	0.7997026338147832	2.1240441801189462E-4
11301	2.1240441801189462E-4	0.7997026338147832	0.20008496176720472
11302	2.1240441801189462E-4	0.9995751911639761	2.1240441801189462E-4
11303	2.1240441801189462E-4	0.9995751911639761	2.1240441801189462E-4
11304	0.20008496176720472	0.7997026338147832	2.1240441801189462E-4
11305	0.20008496176720472	0.7997026338147832	2.1240441801189462E-4
11306	0.20008496176720472	0.7997026338147832	2.1240441801189462E-4
11307	0.5998300764655904	0.3999575191163976	2.1240441801189462E-4
11308	0.20008496176720472	0.7997026338147832	2.1240441801189462E-4
11309	0.20008496176720472	0.7997026338147832	2.1240441801189462E-4
11310	2.1240441801189462E-4	0.9995751911639761	2.1240441801189462E-4
11311	2.1240441801189462E-4	0.9995751911639761	2.1240441801189462E-4
11312	2.1240441801189462E-4	0.9995751911639761	2.1240441801189462E-4
11313	0.20008496176720472	0.7997026338147832	2.1240441801189462E-4
11314	0.20008496176720472	0.7997026338147832	2.1240441801189462E-4
11315	0.3999575191163976	0.5998300764655904	2.1240441801189462E-4
11316	0.20008496176720472	0.5998300764655904	0.20008496176720472
11317	0.20008496176720472	0.5998300764655904	0.20008496176720472
11318	0.3999575191163976	0.5998300764655904	2.1240441801189462E-4
11319	0.3999575191163976	0.5998300764655904	2.1240441801189462E-4
11320	0.20008496176720472	0.7997026338147832	2.1240441801189462E-4
11321	0.20008496176720472	0.7997026338147832	2.1240441801189462E-4
11322	2.1240441801189462E-4	0.9995751911639761	2.1240441801189462E-4
11323	2.1240441801189462E-4	0.9995751911639761	2.1240441801189462E-4
11324	0.20008496176720472	0.7997026338147832	2.1240441801189462E-4
11325	2.1240441801189462E-4	0.9995751911639761	2.1240441801189462E-4
11326	0.20008496176720472	0.7997026338147832	2.1240441801189462E-4
11327	2.1240441801189462E-4	0.9995751911639761	2.1240441801189462E-4
11328	0.20008496176720472	0.7997026338147832	2.1240441801189462E-4
11329	2.1240441801189462E-4	0.9995751911639761	2.1240441801189462E-4
11330	2.1240441801189462E-4	0.9995751911639761	2.1240441801189462E-4
11331	2.1240441801189462E-4	0.9995751911639761	2.1240441801189462E-4
11332	2.1240441801189462E-4	0.9995751911639761	2.1240441801189462E-4
11333	0.20008496176720472	0.7997026338147832	2.1240441801189462E-4
11334	0.20008496176720472	0.7997026338147832	2.1240441801189462E-4
11335	0.20008496176720472	0.5998300764655904	0.20008496176720472
11336	0.20008496176720472	0.5998300764655904	0.20008496176720472
11337	0.5998300764655904	0.3999575191163976	2.1240441801189462E-4
11338	0.3999575191163976	0.5998300764655904	2.1240441801189462E-4
11339	0.20008496176720472	0.7997026338147832	2.1240441801189462E-4
11340	0.20008496176720472	0.7997026338147832	2.1240441801189462E-4
11341	2.1240441801189462E-4	0.9995751911639761	2.1240441801189462E-4
11342	2.1240441801189462E-4	0.9995751911639761	2.1240441801189462E-4
11343	2.1240441801189462E-4	0.9995751911639761	2.1240441801189462E-4
11344	2.1240441801189462E-4	0.7997026338147832	0.20008496176720472
11345	2.1240441801189462E-4	0.7997026338147832	0.20008496176720472
11346	0.20008496176720472	0.7997026338147832	2.1240441801189462E-4
11347	2.1240441801189462E-4	0.9995751911639761	2.1240441801189462E-4
11348	2.1240441801189462E-4	0.9995751911639761	2.1240441801189462E-4
11349	0.20008496176720472	0.7997026338147832	2.1240441801189462E-4
11350	0.20008496176720472	0.7997026338147832	2.1240441801189462E-4
11351	0.20008496176720472	0.5998300764655904	0.20008496176720472
11352	0.20008496176720472	0.5998300764655904	0.20008496176720472
11353	2.1240441801189462E-4	0.9995751911639761	2.1240441801189462E-4
11354	0.20008496176720472	0.7997026338147832	2.1240441801189462E-4
11355	0.20008496176720472	0.7997026338147832	2.1240441801189462E-4
11356	0.3999575191163976	0.5998300764655904	2.1240441801189462E-4
11357	2.1240441801189462E-4	0.9995751911639761	2.1240441801189462E-4
11358	0.20008496176720472	0.3999575191163976	0.3999575191163976
11359	2.1240441801189462E-4	0.9995751911639761	2.1240441801189462E-4
11360	0.20008496176720472	0.7997026338147832	2.1240441801189462E-4
11361	2.1240441801189462E-4	0.9995751911639761	2.1240441801189462E-4
11362	0.20008496176720472	0.5998300764655904	0.20008496176720472
11363	0.3999575191163976	0.5998300764655904	2.1240441801189462E-4
11364	2.1240441801189462E-4	0.9995751911639761	2.1240441801189462E-4
11365	0.20008496176720472	0.7997026338147832	2.1240441801189462E-4
11366	0.20008496176720472	0.5998300764655904	0.20008496176720472
11367	0.20008496176720472	0.7997026338147832	2.1240441801189462E-4
11368	0.20008496176720472	0.3999575191163976	0.3999575191163976
11369	0.20008496176720472	0.7997026338147832	2.1240441801189462E-4
11370	0.20008496176720472	0.7997026338147832	2.1240441801189462E-4
11371	2.1240441801189462E-4	0.9995751911639761	2.1240441801189462E-4
11372	0.3999575191163976	0.5998300764655904	2.1240441801189462E-4
11373	0.20008496176720472	0.7997026338147832	2.1240441801189462E-4
11374	2.1240441801189462E-4	0.9995751911639761	2.1240441801189462E-4
11375	0.20008496176720472	0.7997026338147832	2.1240441801189462E-4
11376	0.20008496176720472	0.7997026338147832	2.1240441801189462E-4
11377	2.1240441801189462E-4	0.9995751911639761	2.1240441801189462E-4
11378	2.1240441801189462E-4	0.9995751911639761	2.1240441801189462E-4
11379	2.1240441801189462E-4	0.7997026338147832	0.20008496176720472
11380	2.1240441801189462E-4	0.9995751911639761	2.1240441801189462E-4
11381	0.3999575191163976	0.5998300764655904	2.1240441801189462E-4
11382	0.3999575191163976	0.5998300764655904	2.1240441801189462E-4
11383	0.20008496176720472	0.7997026338147832	2.1240441801189462E-4
11384	0.20008496176720472	0.7997026338147832	2.1240441801189462E-4
11385	2.1240441801189462E-4	0.9995751911639761	2.1240441801189462E-4
11386	0.5998300764655904	0.3999575191163976	2.1240441801189462E-4
11387	0.3999575191163976	0.5998300764655904	2.1240441801189462E-4
11388	0.20008496176720472	0.7997026338147832	2.1240441801189462E-4
11389	0.20008496176720472	0.7997026338147832	2.1240441801189462E-4
11390	0.20008496176720472	0.7997026338147832	2.1240441801189462E-4
11391	2.1240441801189462E-4	0.9995751911639761	2.1240441801189462E-4
11392	2.1240441801189462E-4	0.9995751911639761	2.1240441801189462E-4
11393	2.1240441801189462E-4	0.9995751911639761	2.1240441801189462E-4
11394	2.1240441801189462E-4	0.9995751911639761	2.1240441801189462E-4
11395	0.3999575191163976	0.5998300764655904	2.1240441801189462E-4
11396	0.20008496176720472	0.7997026338147832	2.1240441801189462E-4
11397	0.20008496176720472	0.7997026338147832	2.1240441801189462E-4
11398	0.20008496176720472	0.7997026338147832	2.1240441801189462E-4
11399	2.1240441801189462E-4	0.7997026338147832	0.20008496176720472
11400	2.1240441801189462E-4	0.9995751911639761	2.1240441801189462E-4
11401	2.1240441801189462E-4	0.9995751911639761	2.1240441801189462E-4
11402	2.1240441801189462E-4	0.9995751911639761	2.1240441801189462E-4
11403	2.1240441801189462E-4	0.9995751911639761	2.1240441801189462E-4
11404	2.1240441801189462E-4	0.9995751911639761	2.1240441801189462E-4
11405	2.1240441801189462E-4	0.9995751911639761	2.1240441801189462E-4
11406	0.20008496176720472	0.7997026338147832	2.1240441801189462E-4
11407	2.1240441801189462E-4	0.9995751911639761	2.1240441801189462E-4
11408	2.1240441801189462E-4	0.9995751911639761	2.1240441801189462E-4
11409	2.1240441801189462E-4	0.9995751911639761	2.1240441801189462E-4
11410	0.3999575191163976	0.3999575191163976	0.20008496176720472
11411	0.20008496176720472	0.5998300764655904	0.20008496176720472
11412	0.20008496176720472	0.5998300764655904	0.20008496176720472
11413	0.20008496176720472	0.7997026338147832	2.1240441801189462E-4
11414	0.20008496176720472	0.5998300764655904	0.20008496176720472
11415	0.20008496176720472	0.5998300764655904	0.20008496176720472
11416	2.1240441801189462E-4	0.9995751911639761	2.1240441801189462E-4
11417	0.20008496176720472	0.7997026338147832	2.1240441801189462E-4
11418	0.20008496176720472	0.7997026338147832	2.1240441801189462E-4
11419	2.1240441801189462E-4	0.9995751911639761	2.1240441801189462E-4
11420	0.20008496176720472	0.7997026338147832	2.1240441801189462E-4
11421	0.3999575191163976	0.3999575191163976	0.20008496176720472
11422	2.1240441801189462E-4	0.9995751911639761	2.1240441801189462E-4
11423	0.20008496176720472	0.5998300764655904	0.20008496176720472
11424	0.20008496176720472	0.5998300764655904	0.20008496176720472
11425	0.20008496176720472	0.7997026338147832	2.1240441801189462E-4
11426	0.3999575191163976	0.3999575191163976	0.20008496176720472
11427	2.1240441801189462E-4	0.7997026338147832	0.20008496176720472
11428	0.20008496176720472	0.7997026338147832	2.1240441801189462E-4
11429	2.1240441801189462E-4	0.9995751911639761	2.1240441801189462E-4
11430	0.20008496176720472	0.7997026338147832	2.1240441801189462E-4
11431	0.20008496176720472	0.7997026338147832	2.1240441801189462E-4
11432	0.20008496176720472	0.7997026338147832	2.1240441801189462E-4
11433	2.1240441801189462E-4	0.9995751911639761	2.1240441801189462E-4
11434	2.1240441801189462E-4	0.9995751911639761	2.1240441801189462E-4
11435	0.20008496176720472	0.7997026338147832	2.1240441801189462E-4
11436	0.20008496176720472	0.7997026338147832	2.1240441801189462E-4
11437	2.1240441801189462E-4	0.7997026338147832	0.20008496176720472
11438	0.20008496176720472	0.7997026338147832	2.1240441801189462E-4
11439	0.3999575191163976	0.5998300764655904	2.1240441801189462E-4
11440	0.3999575191163976	0.5998300764655904	2.1240441801189462E-4
11441	2.1240441801189462E-4	0.9995751911639761	2.1240441801189462E-4
11442	2.1240441801189462E-4	0.9995751911639761	2.1240441801189462E-4
11443	0.20008496176720472	0.7997026338147832	2.1240441801189462E-4
11444	2.1240441801189462E-4	0.9995751911639761	2.1240441801189462E-4
11445	2.1240441801189462E-4	0.9995751911639761	2.1240441801189462E-4
11446	0.20008496176720472	0.7997026338147832	2.1240441801189462E-4
11447	0.20008496176720472	0.7997026338147832	2.1240441801189462E-4
11448	2.1240441801189462E-4	0.9995751911639761	2.1240441801189462E-4
11449	0.20008496176720472	0.3999575191163976	0.3999575191163976
11450	0.20008496176720472	0.5998300764655904	0.20008496176720472
11451	2.1240441801189462E-4	0.9995751911639761	2.1240441801189462E-4
11452	2.1240441801189462E-4	0.9995751911639761	2.1240441801189462E-4
11453	0.20008496176720472	0.7997026338147832	2.1240441801189462E-4
11454	2.1240441801189462E-4	0.7997026338147832	0.20008496176720472
11455	2.1240441801189462E-4	0.7997026338147832	0.20008496176720472
11456	0.20008496176720472	0.7997026338147832	2.1240441801189462E-4
11457	0.20008496176720472	0.3999575191163976	0.3999575191163976
11458	0.20008496176720472	0.7997026338147832	2.1240441801189462E-4
11459	0.20008496176720472	0.7997026338147832	2.1240441801189462E-4
11460	0.20008496176720472	0.7997026338147832	2.1240441801189462E-4
11461	0.20008496176720472	0.7997026338147832	2.1240441801189462E-4
11462	0.3999575191163976	0.5998300764655904	2.1240441801189462E-4
11463	2.1240441801189462E-4	0.7997026338147832	0.20008496176720472
11464	2.1240441801189462E-4	0.9995751911639761	2.1240441801189462E-4
11465	0.20008496176720472	0.7997026338147832	2.1240441801189462E-4
11466	2.1240441801189462E-4	0.9995751911639761	2.1240441801189462E-4
11467	0.7997026338147832	0.20008496176720472	2.1240441801189462E-4
11468	0.20008496176720472	0.7997026338147832	2.1240441801189462E-4
11469	0.3999575191163976	0.5998300764655904	2.1240441801189462E-4
11470	0.20008496176720472	0.7997026338147832	2.1240441801189462E-4
11471	0.20008496176720472	0.7997026338147832	2.1240441801189462E-4
11472	2.1240441801189462E-4	0.5998300764655904	0.3999575191163976
11473	2.1240441801189462E-4	0.5998300764655904	0.3999575191163976
11474	2.1240441801189462E-4	0.9995751911639761	2.1240441801189462E-4
11475	2.1240441801189462E-4	0.9995751911639761	2.1240441801189462E-4
11476	0.20008496176720472	0.7997026338147832	2.1240441801189462E-4
11477	0.20008496176720472	0.5998300764655904	0.20008496176720472
11478	2.1240441801189462E-4	0.9995751911639761	2.1240441801189462E-4
11479	2.1240441801189462E-4	0.9995751911639761	2.1240441801189462E-4
11480	2.1240441801189462E-4	0.9995751911639761	2.1240441801189462E-4
11481	2.1240441801189462E-4	0.9995751911639761	2.1240441801189462E-4
11482	2.1240441801189462E-4	0.9995751911639761	2.1240441801189462E-4
11483	0.20008496176720472	0.5998300764655904	0.20008496176720472
11484	0.20008496176720472	0.7997026338147832	2.1240441801189462E-4
11485	0.20008496176720472	0.7997026338147832	2.1240441801189462E-4
11486	0.20008496176720472	0.7997026338147832	2.1240441801189462E-4
11487	2.1240441801189462E-4	0.9995751911639761	2.1240441801189462E-4
11488	2.1240441801189462E-4	0.9995751911639761	2.1240441801189462E-4
11489	2.1240441801189462E-4	0.9995751911639761	2.1240441801189462E-4
11490	0.20008496176720472	0.7997026338147832	2.1240441801189462E-4
11491	0.20008496176720472	0.7997026338147832	2.1240441801189462E-4
11492	0.3999575191163976	0.5998300764655904	2.1240441801189462E-4
11493	0.20008496176720472	0.7997026338147832	2.1240441801189462E-4
11494	0.5998300764655904	0.3999575191163976	2.1240441801189462E-4
11495	0.5998300764655904	0.3999575191163976	2.1240441801189462E-4
11496	2.1240441801189462E-4	0.9995751911639761	2.1240441801189462E-4
11497	2.1240441801189462E-4	0.9995751911639761	2.1240441801189462E-4
11498	0.20008496176720472	0.7997026338147832	2.1240441801189462E-4
11499	0.20008496176720472	0.7997026338147832	2.1240441801189462E-4
11500	2.1240441801189462E-4	0.9995751911639761	2.1240441801189462E-4
11501	2.1240441801189462E-4	0.9995751911639761	2.1240441801189462E-4
11502	2.1240441801189462E-4	0.9995751911639761	2.1240441801189462E-4
11503	0.20008496176720472	0.5998300764655904	0.20008496176720472
11504	2.1240441801189462E-4	0.9995751911639761	2.1240441801189462E-4
11505	2.1240441801189462E-4	0.9995751911639761	2.1240441801189462E-4
11506	0.20008496176720472	0.5998300764655904	0.20008496176720472
11507	0.20008496176720472	0.7997026338147832	2.1240441801189462E-4
11508	2.1240441801189462E-4	0.7997026338147832	0.20008496176720472
11509	0.20008496176720472	0.7997026338147832	2.1240441801189462E-4
11510	0.20008496176720472	0.7997026338147832	2.1240441801189462E-4
11511	0.20008496176720472	0.5998300764655904	0.20008496176720472
11512	0.20008496176720472	0.5998300764655904	0.20008496176720472
11513	0.20008496176720472	0.7997026338147832	2.1240441801189462E-4
11514	0.20008496176720472	0.7997026338147832	2.1240441801189462E-4
11515	0.20008496176720472	0.7997026338147832	2.1240441801189462E-4
11516	0.20008496176720472	0.7997026338147832	2.1240441801189462E-4
11517	2.1240441801189462E-4	0.7997026338147832	0.20008496176720472
11518	2.1240441801189462E-4	0.7997026338147832	0.20008496176720472
11519	2.1240441801189462E-4	0.7997026338147832	0.20008496176720472
11520	0.5998300764655904	0.20008496176720472	0.20008496176720472
11521	0.3999575191163976	0.5998300764655904	2.1240441801189462E-4
11522	0.5998300764655904	0.3999575191163976	2.1240441801189462E-4
11523	0.20008496176720472	0.7997026338147832	2.1240441801189462E-4
11524	0.20008496176720472	0.7997026338147832	2.1240441801189462E-4
11525	0.20008496176720472	0.7997026338147832	2.1240441801189462E-4
11526	0.20008496176720472	0.7997026338147832	2.1240441801189462E-4
11527	2.1240441801189462E-4	0.9995751911639761	2.1240441801189462E-4
11528	2.1240441801189462E-4	0.9995751911639761	2.1240441801189462E-4
11529	0.3999575191163976	0.20008496176720472	0.3999575191163976
11530	2.1240441801189462E-4	0.7997026338147832	0.20008496176720472
11531	2.1240441801189462E-4	0.9995751911639761	2.1240441801189462E-4
11532	0.20008496176720472	0.7997026338147832	2.1240441801189462E-4
11533	0.3999575191163976	0.5998300764655904	2.1240441801189462E-4
11534	2.1240441801189462E-4	0.9995751911639761	2.1240441801189462E-4
11535	2.1240441801189462E-4	0.9995751911639761	2.1240441801189462E-4
11536	0.20008496176720472	0.7997026338147832	2.1240441801189462E-4
11537	0.20008496176720472	0.7997026338147832	2.1240441801189462E-4
11538	0.20008496176720472	0.7997026338147832	2.1240441801189462E-4
11539	0.20008496176720472	0.7997026338147832	2.1240441801189462E-4
11540	2.1240441801189462E-4	0.9995751911639761	2.1240441801189462E-4
11541	0.5998300764655904	0.3999575191163976	2.1240441801189462E-4
11542	2.1240441801189462E-4	0.9995751911639761	2.1240441801189462E-4
11543	2.1240441801189462E-4	0.7997026338147832	0.20008496176720472
11544	0.20008496176720472	0.7997026338147832	2.1240441801189462E-4
11545	0.20008496176720472	0.7997026338147832	2.1240441801189462E-4
11546	0.3999575191163976	0.5998300764655904	2.1240441801189462E-4
11547	0.20008496176720472	0.7997026338147832	2.1240441801189462E-4
11548	0.3999575191163976	0.5998300764655904	2.1240441801189462E-4
11549	0.20008496176720472	0.7997026338147832	2.1240441801189462E-4
11550	0.20008496176720472	0.7997026338147832	2.1240441801189462E-4
11551	2.1240441801189462E-4	0.9995751911639761	2.1240441801189462E-4
11552	2.1240441801189462E-4	0.9995751911639761	2.1240441801189462E-4
11553	0.20008496176720472	0.7997026338147832	2.1240441801189462E-4
11554	0.20008496176720472	0.7997026338147832	2.1240441801189462E-4
11555	2.1240441801189462E-4	0.7997026338147832	0.20008496176720472
11556	2.1240441801189462E-4	0.7997026338147832	0.20008496176720472
11557	0.20008496176720472	0.7997026338147832	2.1240441801189462E-4
11558	0.20008496176720472	0.5998300764655904	0.20008496176720472
11559	0.20008496176720472	0.7997026338147832	2.1240441801189462E-4
11560	0.20008496176720472	0.7997026338147832	2.1240441801189462E-4
11561	2.1240441801189462E-4	0.7997026338147832	0.20008496176720472
11562	0.20008496176720472	0.7997026338147832	2.1240441801189462E-4
11563	2.1240441801189462E-4	0.9995751911639761	2.1240441801189462E-4
11564	0.5998300764655904	0.3999575191163976	2.1240441801189462E-4
11565	0.3999575191163976	0.5998300764655904	2.1240441801189462E-4
11566	0.5998300764655904	0.3999575191163976	2.1240441801189462E-4
11567	2.1240441801189462E-4	0.7997026338147832	0.20008496176720472
11568	0.20008496176720472	0.5998300764655904	0.20008496176720472
11569	0.20008496176720472	0.5998300764655904	0.20008496176720472
11570	0.20008496176720472	0.3999575191163976	0.3999575191163976
11571	0.3999575191163976	0.3999575191163976	0.20008496176720472
11572	2.1240441801189462E-4	0.9995751911639761	2.1240441801189462E-4
11573	0.20008496176720472	0.7997026338147832	2.1240441801189462E-4
11574	2.1240441801189462E-4	0.9995751911639761	2.1240441801189462E-4
11575	0.20008496176720472	0.3999575191163976	0.3999575191163976
11576	2.1240441801189462E-4	0.7997026338147832	0.20008496176720472
11577	2.1240441801189462E-4	0.7997026338147832	0.20008496176720472
11578	0.20008496176720472	0.5998300764655904	0.20008496176720472
11579	2.1240441801189462E-4	0.9995751911639761	2.1240441801189462E-4
11580	2.1240441801189462E-4	0.9995751911639761	2.1240441801189462E-4
11581	0.20008496176720472	0.3999575191163976	0.3999575191163976
11582	2.1240441801189462E-4	0.9995751911639761	2.1240441801189462E-4
11583	2.1240441801189462E-4	0.9995751911639761	2.1240441801189462E-4
11584	2.1240441801189462E-4	0.9995751911639761	2.1240441801189462E-4
11585	2.1240441801189462E-4	0.9995751911639761	2.1240441801189462E-4
11586	2.1240441801189462E-4	0.9995751911639761	2.1240441801189462E-4
11587	0.3999575191163976	0.5998300764655904	2.1240441801189462E-4
11588	0.20008496176720472	0.7997026338147832	2.1240441801189462E-4
11589	0.3999575191163976	0.5998300764655904	2.1240441801189462E-4
11590	0.3999575191163976	0.5998300764655904	2.1240441801189462E-4
11591	0.3999575191163976	0.5998300764655904	2.1240441801189462E-4
11592	0.20008496176720472	0.7997026338147832	2.1240441801189462E-4
11593	0.3999575191163976	0.3999575191163976	0.20008496176720472
11594	0.3999575191163976	0.3999575191163976	0.20008496176720472
11595	0.20008496176720472	0.5998300764655904	0.20008496176720472
11596	2.1240441801189462E-4	0.9995751911639761	2.1240441801189462E-4
11597	2.1240441801189462E-4	0.9995751911639761	2.1240441801189462E-4
11598	0.3999575191163976	0.5998300764655904	2.1240441801189462E-4
11599	0.3999575191163976	0.5998300764655904	2.1240441801189462E-4
11600	0.20008496176720472	0.5998300764655904	0.20008496176720472
11601	2.1240441801189462E-4	0.9995751911639761	2.1240441801189462E-4
11602	2.1240441801189462E-4	0.9995751911639761	2.1240441801189462E-4
11603	0.20008496176720472	0.7997026338147832	2.1240441801189462E-4
11604	0.3999575191163976	0.5998300764655904	2.1240441801189462E-4
11605	2.1240441801189462E-4	0.9995751911639761	2.1240441801189462E-4
11606	2.1240441801189462E-4	0.9995751911639761	2.1240441801189462E-4
11607	0.20008496176720472	0.7997026338147832	2.1240441801189462E-4
11608	2.1240441801189462E-4	0.9995751911639761	2.1240441801189462E-4
11609	0.20008496176720472	0.7997026338147832	2.1240441801189462E-4
11610	0.20008496176720472	0.5998300764655904	0.20008496176720472
11611	2.1240441801189462E-4	0.7997026338147832	0.20008496176720472
11612	2.1240441801189462E-4	0.7997026338147832	0.20008496176720472
11613	0.3999575191163976	0.5998300764655904	2.1240441801189462E-4
11614	2.1240441801189462E-4	0.9995751911639761	2.1240441801189462E-4
11615	0.20008496176720472	0.7997026338147832	2.1240441801189462E-4
11616	0.20008496176720472	0.7997026338147832	2.1240441801189462E-4
11617	2.1240441801189462E-4	0.9995751911639761	2.1240441801189462E-4
11618	0.20008496176720472	0.7997026338147832	2.1240441801189462E-4
11619	0.20008496176720472	0.7997026338147832	2.1240441801189462E-4
11620	2.1240441801189462E-4	0.9995751911639761	2.1240441801189462E-4
11621	0.20008496176720472	0.7997026338147832	2.1240441801189462E-4
11622	2.1240441801189462E-4	0.9995751911639761	2.1240441801189462E-4
11623	2.1240441801189462E-4	0.9995751911639761	2.1240441801189462E-4
11624	2.1240441801189462E-4	0.9995751911639761	2.1240441801189462E-4
11625	2.1240441801189462E-4	0.3999575191163976	0.5998300764655904
11626	0.20008496176720472	0.7997026338147832	2.1240441801189462E-4
11627	2.1240441801189462E-4	0.9995751911639761	2.1240441801189462E-4
11628	2.1240441801189462E-4	0.9995751911639761	2.1240441801189462E-4
11629	0.20008496176720472	0.7997026338147832	2.1240441801189462E-4
11630	0.20008496176720472	0.7997026338147832	2.1240441801189462E-4
11631	0.20008496176720472	0.7997026338147832	2.1240441801189462E-4
11632	0.20008496176720472	0.7997026338147832	2.1240441801189462E-4
11633	2.1240441801189462E-4	0.7997026338147832	0.20008496176720472
11634	2.1240441801189462E-4	0.7997026338147832	0.20008496176720472
11635	0.3999575191163976	0.5998300764655904	2.1240441801189462E-4
11636	0.20008496176720472	0.7997026338147832	2.1240441801189462E-4
11637	2.1240441801189462E-4	0.7997026338147832	0.20008496176720472
11638	0.20008496176720472	0.7997026338147832	2.1240441801189462E-4
11639	0.20008496176720472	0.7997026338147832	2.1240441801189462E-4
11640	0.20008496176720472	0.3999575191163976	0.3999575191163976
11641	2.1240441801189462E-4	0.9995751911639761	2.1240441801189462E-4
11642	0.20008496176720472	0.5998300764655904	0.20008496176720472
11643	0.20008496176720472	0.7997026338147832	2.1240441801189462E-4
11644	2.1240441801189462E-4	0.9995751911639761	2.1240441801189462E-4
11645	0.20008496176720472	0.7997026338147832	2.1240441801189462E-4
11646	0.20008496176720472	0.7997026338147832	2.1240441801189462E-4
11647	0.20008496176720472	0.7997026338147832	2.1240441801189462E-4
11648	0.20008496176720472	0.7997026338147832	2.1240441801189462E-4
11649	2.1240441801189462E-4	0.9995751911639761	2.1240441801189462E-4
11650	0.3999575191163976	0.5998300764655904	2.1240441801189462E-4
11651	0.20008496176720472	0.7997026338147832	2.1240441801189462E-4
11652	2.1240441801189462E-4	0.9995751911639761	2.1240441801189462E-4
11653	0.20008496176720472	0.3999575191163976	0.3999575191163976
11654	0.3999575191163976	0.3999575191163976	0.20008496176720472
11655	0.3999575191163976	0.5998300764655904	2.1240441801189462E-4
11656	2.1240441801189462E-4	0.9995751911639761	2.1240441801189462E-4
11657	0.5998300764655904	0.3999575191163976	2.1240441801189462E-4
11658	0.5998300764655904	0.3999575191163976	2.1240441801189462E-4
11659	2.1240441801189462E-4	0.7997026338147832	0.20008496176720472
11660	0.20008496176720472	0.7997026338147832	2.1240441801189462E-4
11661	0.20008496176720472	0.5998300764655904	0.20008496176720472
11662	2.1240441801189462E-4	0.9995751911639761	2.1240441801189462E-4
11663	2.1240441801189462E-4	0.9995751911639761	2.1240441801189462E-4
11664	2.1240441801189462E-4	0.9995751911639761	2.1240441801189462E-4
11665	0.20008496176720472	0.7997026338147832	2.1240441801189462E-4
11666	0.20008496176720472	0.7997026338147832	2.1240441801189462E-4
11667	0.20008496176720472	0.7997026338147832	2.1240441801189462E-4
11668	0.20008496176720472	0.7997026338147832	2.1240441801189462E-4
11669	2.1240441801189462E-4	0.9995751911639761	2.1240441801189462E-4
11670	0.20008496176720472	0.7997026338147832	2.1240441801189462E-4
11671	2.1240441801189462E-4	0.9995751911639761	2.1240441801189462E-4
11672	0.20008496176720472	0.7997026338147832	2.1240441801189462E-4
11673	0.20008496176720472	0.7997026338147832	2.1240441801189462E-4
11674	2.1240441801189462E-4	0.9995751911639761	2.1240441801189462E-4
11675	0.3999575191163976	0.5998300764655904	2.1240441801189462E-4
11676	0.20008496176720472	0.7997026338147832	2.1240441801189462E-4
11677	0.20008496176720472	0.7997026338147832	2.1240441801189462E-4
11678	0.20008496176720472	0.7997026338147832	2.1240441801189462E-4
11679	0.20008496176720472	0.7997026338147832	2.1240441801189462E-4
11680	0.20008496176720472	0.7997026338147832	2.1240441801189462E-4
11681	0.3999575191163976	0.5998300764655904	2.1240441801189462E-4
11682	0.20008496176720472	0.7997026338147832	2.1240441801189462E-4
11683	0.20008496176720472	0.7997026338147832	2.1240441801189462E-4
11684	0.20008496176720472	0.7997026338147832	2.1240441801189462E-4
11685	2.1240441801189462E-4	0.9995751911639761	2.1240441801189462E-4
11686	2.1240441801189462E-4	0.5998300764655904	0.3999575191163976
11687	0.20008496176720472	0.7997026338147832	2.1240441801189462E-4
11688	2.1240441801189462E-4	0.9995751911639761	2.1240441801189462E-4
11689	0.20008496176720472	0.7997026338147832	2.1240441801189462E-4
11690	0.20008496176720472	0.5998300764655904	0.20008496176720472
11691	0.20008496176720472	0.7997026338147832	2.1240441801189462E-4
11692	0.20008496176720472	0.7997026338147832	2.1240441801189462E-4
11693	0.20008496176720472	0.7997026338147832	2.1240441801189462E-4
11694	0.20008496176720472	0.7997026338147832	2.1240441801189462E-4
11695	0.20008496176720472	0.7997026338147832	2.1240441801189462E-4
11696	0.20008496176720472	0.7997026338147832	2.1240441801189462E-4
11697	0.20008496176720472	0.7997026338147832	2.1240441801189462E-4
11698	0.20008496176720472	0.7997026338147832	2.1240441801189462E-4
11699	0.3999575191163976	0.3999575191163976	0.20008496176720472
11700	2.1240441801189462E-4	0.5998300764655904	0.3999575191163976