21257	0.39996819338422385	0.5998727735368956	1.5903307888040714E-4
21258	0.39996819338422385	0.5998727735368956	1.5903307888040714E-4
21259	0.39996819338422385	0.5998727735368956	1.5903307888040714E-4
21260	0.20006361323155214	0.7997773536895674	1.5903307888040714E-4
21261	0.20006361323155214	0.7997773536895674	1.5903307888040714E-4
21262	0.20006361323155214	0.7997773536895674	1.5903307888040714E-4
21263	0.20006361323155214	0.7997773536895674	1.5903307888040714E-4
21264	1.5903307888040714E-4	0.9996819338422391	1.5903307888040714E-4
21265	1.5903307888040714E-4	0.9996819338422391	1.5903307888040714E-4
21266	1.5903307888040714E-4	0.7997773536895674	0.20006361323155214
21267	0.20006361323155214	0.5998727735368956	0.20006361323155214
21268	0.39996819338422385	0.5998727735368956	1.5903307888040714E-4
21269	0.39996819338422385	0.5998727735368956	1.5903307888040714E-4
21270	0.20006361323155214	0.7997773536895674	1.5903307888040714E-4
21271	0.20006361323155214	0.7997773536895674	1.5903307888040714E-4
21272	0.39996819338422385	0.5998727735368956	1.5903307888040714E-4
21273	0.20006361323155214	0.7997773536895674	1.5903307888040714E-4
21274	0.39996819338422385	0.5998727735368956	1.5903307888040714E-4
21275	0.7997773536895674	0.20006361323155214	1.5903307888040714E-4
21276	0.39996819338422385	0.5998727735368956	1.5903307888040714E-4
21277	1.5903307888040714E-4	0.9996819338422391	1.5903307888040714E-4
21278	0.39996819338422385	0.5998727735368956	1.5903307888040714E-4
21279	0.5998727735368956	0.39996819338422385	1.5903307888040714E-4
21280	0.5998727735368956	0.39996819338422385	1.5903307888040714E-4
21281	0.5998727735368956	0.39996819338422385	1.5903307888040714E-4
21282	1.5903307888040714E-4	0.9996819338422391	1.5903307888040714E-4
21283	1.5903307888040714E-4	0.9996819338422391	1.5903307888040714E-4
21284	0.20006361323155214	0.7997773536895674	1.5903307888040714E-4
21285	0.20006361323155214	0.7997773536895674	1.5903307888040714E-4
21286	0.20006361323155214	0.7997773536895674	1.5903307888040714E-4
21287	0.20006361323155214	0.7997773536895674	1.5903307888040714E-4
21288	0.39996819338422385	0.5998727735368956	1.5903307888040714E-4
21289	0.39996819338422385	0.5998727735368956	1.5903307888040714E-4
21290	0.39996819338422385	0.5998727735368956	1.5903307888040714E-4
21291	0.39996819338422385	0.5998727735368956	1.5903307888040714E-4
21292	0.39996819338422385	0.5998727735368956	1.5903307888040714E-4
21293	0.39996819338422385	0.5998727735368956	1.5903307888040714E-4
21294	0.20006361323155214	0.5998727735368956	0.20006361323155214
21295	0.20006361323155214	0.7997773536895674	1.5903307888040714E-4
21296	0.20006361323155214	0.7997773536895674	1.5903307888040714E-4
21297	0.20006361323155214	0.7997773536895674	1.5903307888040714E-4
21298	0.39996819338422385	0.5998727735368956	1.5903307888040714E-4
21299	0.39996819338422385	0.5998727735368956	1.5903307888040714E-4
21300	0.20006361323155214	0.7997773536895674	1.5903307888040714E-4
21301	0.39996819338422385	0.5998727735368956	1.5903307888040714E-4
21302	1.5903307888040714E-4	0.9996819338422391	1.5903307888040714E-4
21303	1.5903307888040714E-4	0.7997773536895674	0.20006361323155214
21304	0.20006361323155214	0.7997773536895674	1.5903307888040714E-4
21305	0.20006361323155214	0.7997773536895674	1.5903307888040714E-4
21306	0.20006361323155214	0.7997773536895674	1.5903307888040714E-4
21307	0.39996819338422385	0.5998727735368956	1.5903307888040714E-4
21308	0.39996819338422385	0.5998727735368956	1.5903307888040714E-4
21309	0.20006361323155214	0.7997773536895674	1.5903307888040714E-4
21310	0.39996819338422385	0.5998727735368956	1.5903307888040714E-4
21311	0.39996819338422385	0.5998727735368956	1.5903307888040714E-4
21312	0.20006361323155214	0.7997773536895674	1.5903307888040714E-4
21313	0.39996819338422385	0.5998727735368956	1.5903307888040714E-4
21314	0.39996819338422385	0.5998727735368956	1.5903307888040714E-4
21315	0.5998727735368956	0.39996819338422385	1.5903307888040714E-4
21316	0.20006361323155214	0.7997773536895674	1.5903307888040714E-4
21317	0.20006361323155214	0.7997773536895674	1.5903307888040714E-4
21318	0.39996819338422385	0.39996819338422385	0.20006361323155214
21319	0.20006361323155214	0.7997773536895674	1.5903307888040714E-4
21320	0.39996819338422385	0.5998727735368956	1.5903307888040714E-4
21321	0.7997773536895674	0.20006361323155214	1.5903307888040714E-4
21322	0.7997773536895674	0.20006361323155214	1.5903307888040714E-4
21323	0.20006361323155214	0.7997773536895674	1.5903307888040714E-4
21324	0.20006361323155214	0.7997773536895674	1.5903307888040714E-4
21325	0.39996819338422385	0.5998727735368956	1.5903307888040714E-4
21326	0.39996819338422385	0.5998727735368956	1.5903307888040714E-4
21327	0.39996819338422385	0.5998727735368956	1.5903307888040714E-4
21328	1.5903307888040714E-4	0.5998727735368956	0.39996819338422385
21329	1.5903307888040714E-4	0.9996819338422391	1.5903307888040714E-4
21330	0.39996819338422385	0.5998727735368956	1.5903307888040714E-4
21331	1.5903307888040714E-4	0.7997773536895674	0.20006361323155214
21332	0.7997773536895674	0.20006361323155214	1.5903307888040714E-4
21333	0.20006361323155214	0.7997773536895674	1.5903307888040714E-4
21334	0.39996819338422385	0.5998727735368956	1.5903307888040714E-4
21335	0.39996819338422385	0.5998727735368956	1.5903307888040714E-4
21336	0.20006361323155214	0.7997773536895674	1.5903307888040714E-4
21337	0.20006361323155214	0.7997773536895674	1.5903307888040714E-4
21338	0.5998727735368956	0.39996819338422385	1.5903307888040714E-4
21339	0.20006361323155214	0.7997773536895674	1.5903307888040714E-4
21340	0.20006361323155214	0.7997773536895674	1.5903307888040714E-4
21341	0.20006361323155214	0.7997773536895674	1.5903307888040714E-4
21342	0.39996819338422385	0.5998727735368956	1.5903307888040714E-4
21343	0.39996819338422385	0.5998727735368956	1.5903307888040714E-4
21344	0.39996819338422385	0.5998727735368956	1.5903307888040714E-4
21345	0.20006361323155214	0.7997773536895674	1.5903307888040714E-4
21346	1.5903307888040714E-4	0.9996819338422391	1.5903307888040714E-4
21347	0.20006361323155214	0.7997773536895674	1.5903307888040714E-4
21348	0.20006361323155214	0.5998727735368956	0.20006361323155214
21349	0.5998727735368956	0.39996819338422385	1.5903307888040714E-4
21350	0.5998727735368956	0.39996819338422385	1.5903307888040714E-4
21351	0.20006361323155214	0.7997773536895674	1.5903307888040714E-4
21352	0.20006361323155214	0.7997773536895674	1.5903307888040714E-4
21353	0.20006361323155214	0.7997773536895674	1.5903307888040714E-4
21354	0.39996819338422385	0.5998727735368956	1.5903307888040714E-4
21355	0.39996819338422385	0.5998727735368956	1.5903307888040714E-4
21356	0.39996819338422385	0.5998727735368956	1.5903307888040714E-4
21357	0.20006361323155214	0.7997773536895674	1.5903307888040714E-4
21358	0.39996819338422385	0.39996819338422385	0.20006361323155214
21359	0.39996819338422385	0.39996819338422385	0.20006361323155214
21360	0.39996819338422385	0.5998727735368956	1.5903307888040714E-4
21361	0.20006361323155214	0.7997773536895674	1.5903307888040714E-4
21362	0.20006361323155214	0.7997773536895674	1.5903307888040714E-4
21363	0.20006361323155214	0.7997773536895674	1.5903307888040714E-4
21364	0.5998727735368956	0.39996819338422385	1.5903307888040714E-4
21365	0.39996819338422385	0.5998727735368956	1.5903307888040714E-4
21366	0.39996819338422385	0.5998727735368956	1.5903307888040714E-4
21367	0.20006361323155214	0.5998727735368956	0.20006361323155214
21368	0.5998727735368956	0.39996819338422385	1.5903307888040714E-4
21369	0.5998727735368956	0.39996819338422385	1.5903307888040714E-4
21370	0.20006361323155214	0.7997773536895674	1.5903307888040714E-4
21371	0.20006361323155214	0.7997773536895674	1.5903307888040714E-4
21372	0.20006361323155214	0.7997773536895674	1.5903307888040714E-4
21373	0.20006361323155214	0.7997773536895674	1.5903307888040714E-4
21374	0.20006361323155214	0.7997773536895674	1.5903307888040714E-4
21375	0.20006361323155214	0.7997773536895674	1.5903307888040714E-4
21376	0.5998727735368956	0.39996819338422385	1.5903307888040714E-4
21377	0.5998727735368956	0.39996819338422385	1.5903307888040714E-4
21378	0.20006361323155214	0.7997773536895674	1.5903307888040714E-4
21379	0.20006361323155214	0.7997773536895674	1.5903307888040714E-4
21380	0.7997773536895674	1.5903307888040714E-4	0.20006361323155214
21381	0.7997773536895674	0.20006361323155214	1.5903307888040714E-4
21382	0.20006361323155214	0.7997773536895674	1.5903307888040714E-4
21383	0.39996819338422385	0.5998727735368956	1.5903307888040714E-4
21384	0.20006361323155214	0.7997773536895674	1.5903307888040714E-4
21385	0.5998727735368956	0.39996819338422385	1.5903307888040714E-4
21386	0.39996819338422385	0.5998727735368956	1.5903307888040714E-4
21387	0.20006361323155214	0.7997773536895674	1.5903307888040714E-4
21388	0.20006361323155214	0.7997773536895674	1.5903307888040714E-4
21389	0.5998727735368956	0.39996819338422385	1.5903307888040714E-4
21390	0.39996819338422385	0.5998727735368956	1.5903307888040714E-4
21391	0.20006361323155214	0.7997773536895674	1.5903307888040714E-4
21392	0.20006361323155214	0.7997773536895674	1.5903307888040714E-4
21393	0.5998727735368956	0.20006361323155214	0.20006361323155214
21394	0.5998727735368956	0.20006361323155214	0.20006361323155214
21395	0.39996819338422385	0.5998727735368956	1.5903307888040714E-4
21396	0.20006361323155214	0.7997773536895674	1.5903307888040714E-4
21397	0.39996819338422385	0.5998727735368956	1.5903307888040714E-4
21398	0.39996819338422385	0.5998727735368956	1.5903307888040714E-4
21399	0.20006361323155214	0.7997773536895674	1.5903307888040714E-4
21400	0.39996819338422385	0.5998727735368956	1.5903307888040714E-4
21401	0.20006361323155214	0.7997773536895674	1.5903307888040714E-4
21402	0.20006361323155214	0.7997773536895674	1.5903307888040714E-4
21403	0.20006361323155214	0.7997773536895674	1.5903307888040714E-4
21404	0.39996819338422385	0.5998727735368956	1.5903307888040714E-4
21405	0.39996819338422385	0.5998727735368956	1.5903307888040714E-4
21406	0.39996819338422385	0.5998727735368956	1.5903307888040714E-4
21407	0.39996819338422385	0.5998727735368956	1.5903307888040714E-4
21408	0.39996819338422385	0.5998727735368956	1.5903307888040714E-4
21409	0.39996819338422385	0.5998727735368956	1.5903307888040714E-4
21410	0.39996819338422385	0.5998727735368956	1.5903307888040714E-4
21411	0.20006361323155214	0.7997773536895674	1.5903307888040714E-4
21412	0.20006361323155214	0.7997773536895674	1.5903307888040714E-4
21413	0.20006361323155214	0.7997773536895674	1.5903307888040714E-4
21414	0.39996819338422385	0.5998727735368956	1.5903307888040714E-4
21415	0.39996819338422385	0.5998727735368956	1.5903307888040714E-4
21416	0.5998727735368956	0.39996819338422385	1.5903307888040714E-4
21417	0.20006361323155214	0.7997773536895674	1.5903307888040714E-4
21418	0.20006361323155214	0.7997773536895674	1.5903307888040714E-4
21419	0.20006361323155214	0.7997773536895674	1.5903307888040714E-4
21420	0.39996819338422385	0.5998727735368956	1.5903307888040714E-4
21421	1.5903307888040714E-4	0.9996819338422391	1.5903307888040714E-4
21422	0.5998727735368956	0.39996819338422385	1.5903307888040714E-4
21423	0.20006361323155214	0.7997773536895674	1.5903307888040714E-4
21424	0.39996819338422385	0.5998727735368956	1.5903307888040714E-4
21425	0.39996819338422385	0.5998727735368956	1.5903307888040714E-4
21426	0.39996819338422385	0.39996819338422385	0.20006361323155214
21427	1.5903307888040714E-4	0.9996819338422391	1.5903307888040714E-4
21428	0.20006361323155214	0.7997773536895674	1.5903307888040714E-4
21429	0.9996819338422391	1.5903307888040714E-4	1.5903307888040714E-4
21430	0.20006361323155214	0.7997773536895674	1.5903307888040714E-4
21431	0.39996819338422385	0.5998727735368956	1.5903307888040714E-4
21432	0.20006361323155214	0.7997773536895674	1.5903307888040714E-4
21433	0.20006361323155214	0.7997773536895674	1.5903307888040714E-4
21434	0.20006361323155214	0.7997773536895674	1.5903307888040714E-4
21435	0.39996819338422385	0.5998727735368956	1.5903307888040714E-4
21436	0.39996819338422385	0.5998727735368956	1.5903307888040714E-4
21437	0.20006361323155214	0.7997773536895674	1.5903307888040714E-4
21438	0.20006361323155214	0.7997773536895674	1.5903307888040714E-4
21439	0.39996819338422385	0.5998727735368956	1.5903307888040714E-4
21440	0.20006361323155214	0.7997773536895674	1.5903307888040714E-4
21441	0.39996819338422385	0.5998727735368956	1.5903307888040714E-4
21442	0.39996819338422385	0.5998727735368956	1.5903307888040714E-4
21443	0.39996819338422385	0.5998727735368956	1.5903307888040714E-4
21444	0.5998727735368956	0.39996819338422385	1.5903307888040714E-4
21445	0.20006361323155214	0.5998727735368956	0.20006361323155214
21446	0.20006361323155214	0.7997773536895674	1.5903307888040714E-4
21447	0.20006361323155214	0.7997773536895674	1.5903307888040714E-4
21448	0.20006361323155214	0.7997773536895674	1.5903307888040714E-4
21449	0.5998727735368956	0.39996819338422385	1.5903307888040714E-4
21450	0.5998727735368956	0.39996819338422385	1.5903307888040714E-4
21451	0.39996819338422385	0.5998727735368956	1.5903307888040714E-4
21452	0.20006361323155214	0.7997773536895674	1.5903307888040714E-4
21453	0.20006361323155214	0.7997773536895674	1.5903307888040714E-4
21454	0.20006361323155214	0.7997773536895674	1.5903307888040714E-4
21455	0.20006361323155214	0.7997773536895674	1.5903307888040714E-4
21456	0.39996819338422385	0.39996819338422385	0.20006361323155214
21457	0.20006361323155214	0.7997773536895674	1.5903307888040714E-4
21458	0.20006361323155214	0.5998727735368956	0.20006361323155214
21459	0.39996819338422385	0.5998727735368956	1.5903307888040714E-4
21460	0.39996819338422385	0.5998727735368956	1.5903307888040714E-4
21461	0.20006361323155214	0.5998727735368956	0.20006361323155214
21462	0.5998727735368956	0.39996819338422385	1.5903307888040714E-4
21463	0.39996819338422385	0.5998727735368956	1.5903307888040714E-4
21464	0.20006361323155214	0.39996819338422385	0.39996819338422385
21465	0.39996819338422385	0.39996819338422385	0.20006361323155214
21466	0.20006361323155214	0.5998727735368956	0.20006361323155214
21467	0.5998727735368956	0.39996819338422385	1.5903307888040714E-4
21468	0.5998727735368956	0.39996819338422385	1.5903307888040714E-4
21469	0.20006361323155214	0.7997773536895674	1.5903307888040714E-4
21470	0.20006361323155214	0.7997773536895674	1.5903307888040714E-4
21471	0.39996819338422385	0.5998727735368956	1.5903307888040714E-4
21472	0.5998727735368956	0.39996819338422385	1.5903307888040714E-4
21473	0.20006361323155214	0.7997773536895674	1.5903307888040714E-4
21474	0.20006361323155214	0.7997773536895674	1.5903307888040714E-4
21475	1.5903307888040714E-4	0.9996819338422391	1.5903307888040714E-4
21476	1.5903307888040714E-4	0.9996819338422391	1.5903307888040714E-4
21477	1.5903307888040714E-4	0.9996819338422391	1.5903307888040714E-4
21478	0.39996819338422385	0.5998727735368956	1.5903307888040714E-4
21479	1.5903307888040714E-4	0.7997773536895674	0.20006361323155214
21480	0.20006361323155214	0.7997773536895674	1.5903307888040714E-4
21481	0.5998727735368956	0.39996819338422385	1.5903307888040714E-4
21482	0.5998727735368956	0.20006361323155214	0.20006361323155214
21483	0.20006361323155214	0.7997773536895674	1.5903307888040714E-4
21484	0.39996819338422385	0.5998727735368956	1.5903307888040714E-4
21485	0.39996819338422385	0.5998727735368956	1.5903307888040714E-4
21486	0.39996819338422385	0.39996819338422385	0.20006361323155214
21487	0.39996819338422385	0.39996819338422385	0.20006361323155214
21488	0.5998727735368956	0.39996819338422385	1.5903307888040714E-4
21489	0.5998727735368956	0.39996819338422385	1.5903307888040714E-4
21490	1.5903307888040714E-4	0.9996819338422391	1.5903307888040714E-4
21491	0.39996819338422385	0.39996819338422385	0.20006361323155214
21492	0.39996819338422385	0.39996819338422385	0.20006361323155214
21493	0.39996819338422385	0.5998727735368956	1.5903307888040714E-4
21494	0.39996819338422385	0.5998727735368956	1.5903307888040714E-4
21495	0.20006361323155214	0.7997773536895674	1.5903307888040714E-4
21496	1.5903307888040714E-4	0.9996819338422391	1.5903307888040714E-4
21497	0.20006361323155214	0.7997773536895674	1.5903307888040714E-4
21498	0.39996819338422385	0.5998727735368956	1.5903307888040714E-4
21499	0.20006361323155214	0.7997773536895674	1.5903307888040714E-4
21500	0.5998727735368956	0.39996819338422385	1.5903307888040714E-4
21501	0.39996819338422385	0.5998727735368956	1.5903307888040714E-4
21502	1.5903307888040714E-4	0.9996819338422391	1.5903307888040714E-4
21503	0.20006361323155214	0.7997773536895674	1.5903307888040714E-4
21504	0.20006361323155214	0.7997773536895674	1.5903307888040714E-4
21505	0.20006361323155214	0.7997773536895674	1.5903307888040714E-4
21506	0.39996819338422385	0.5998727735368956	1.5903307888040714E-4
21507	0.20006361323155214	0.7997773536895674	1.5903307888040714E-4
21508	0.20006361323155214	0.7997773536895674	1.5903307888040714E-4
21509	0.20006361323155214	0.7997773536895674	1.5903307888040714E-4
21510	1.5903307888040714E-4	0.7997773536895674	0.20006361323155214
21511	1.5903307888040714E-4	0.9996819338422391	1.5903307888040714E-4
21512	1.5903307888040714E-4	0.9996819338422391	1.5903307888040714E-4
21513	0.39996819338422385	0.5998727735368956	1.5903307888040714E-4
21514	0.39996819338422385	0.5998727735368956	1.5903307888040714E-4
21515	0.20006361323155214	0.7997773536895674	1.5903307888040714E-4
21516	0.39996819338422385	0.5998727735368956	1.5903307888040714E-4
21517	0.39996819338422385	0.5998727735368956	1.5903307888040714E-4
21518	0.20006361323155214	0.5998727735368956	0.20006361323155214
21519	0.5998727735368956	0.39996819338422385	1.5903307888040714E-4
21520	0.39996819338422385	0.5998727735368956	1.5903307888040714E-4
21521	0.39996819338422385	0.39996819338422385	0.20006361323155214
21522	0.39996819338422385	0.39996819338422385	0.20006361323155214
21523	0.20006361323155214	0.7997773536895674	1.5903307888040714E-4
21524	0.20006361323155214	0.7997773536895674	1.5903307888040714E-4
21525	0.20006361323155214	0.7997773536895674	1.5903307888040714E-4
21526	0.39996819338422385	0.5998727735368956	1.5903307888040714E-4
21527	1.5903307888040714E-4	0.9996819338422391	1.5903307888040714E-4
21528	0.39996819338422385	0.39996819338422385	0.20006361323155214
21529	0.20006361323155214	0.7997773536895674	1.5903307888040714E-4
21530	0.20006361323155214	0.7997773536895674	1.5903307888040714E-4
21531	0.5998727735368956	0.39996819338422385	1.5903307888040714E-4
21532	0.39996819338422385	0.39996819338422385	0.20006361323155214
21533	0.39996819338422385	0.39996819338422385	0.20006361323155214
21534	0.20006361323155214	0.7997773536895674	1.5903307888040714E-4
21535	0.20006361323155214	0.7997773536895674	1.5903307888040714E-4
21536	0.20006361323155214	0.7997773536895674	1.5903307888040714E-4
21537	0.39996819338422385	0.5998727735368956	1.5903307888040714E-4
21538	0.39996819338422385	0.5998727735368956	1.5903307888040714E-4
21539	0.39996819338422385	0.39996819338422385	0.20006361323155214
21540	0.39996819338422385	0.5998727735368956	1.5903307888040714E-4
21541	1.5903307888040714E-4	0.9996819338422391	1.5903307888040714E-4
21542	0.39996819338422385	0.5998727735368956	1.5903307888040714E-4
21543	0.39996819338422385	0.5998727735368956	1.5903307888040714E-4
21544	0.39996819338422385	0.5998727735368956	1.5903307888040714E-4
21545	0.39996819338422385	0.39996819338422385	0.20006361323155214
21546	0.39996819338422385	0.5998727735368956	1.5903307888040714E-4
21547	1.5903307888040714E-4	0.7997773536895674	0.20006361323155214
21548	0.39996819338422385	0.5998727735368956	1.5903307888040714E-4
21549	0.5998727735368956	0.20006361323155214	0.20006361323155214
21550	0.39996819338422385	0.5998727735368956	1.5903307888040714E-4
21551	0.20006361323155214	0.7997773536895674	1.5903307888040714E-4
21552	0.39996819338422385	0.5998727735368956	1.5903307888040714E-4
21553	0.20006361323155214	0.7997773536895674	1.5903307888040714E-4
21554	0.20006361323155214	0.7997773536895674	1.5903307888040714E-4
21555	0.20006361323155214	0.5998727735368956	0.20006361323155214
21556	0.20006361323155214	0.5998727735368956	0.20006361323155214
21557	0.20006361323155214	0.7997773536895674	1.5903307888040714E-4
21558	0.20006361323155214	0.7997773536895674	1.5903307888040714E-4
21559	0.20006361323155214	0.5998727735368956	0.20006361323155214
21560	0.20006361323155214	0.7997773536895674	1.5903307888040714E-4
21561	0.20006361323155214	0.7997773536895674	1.5903307888040714E-4
21562	0.39996819338422385	0.5998727735368956	1.5903307888040714E-4
21563	0.39996819338422385	0.5998727735368956	1.5903307888040714E-4
21564	0.39996819338422385	0.5998727735368956	1.5903307888040714E-4
21565	0.39996819338422385	0.5998727735368956	1.5903307888040714E-4
21566	0.39996819338422385	0.5998727735368956	1.5903307888040714E-4
21567	0.20006361323155214	0.7997773536895674	1.5903307888040714E-4
21568	0.20006361323155214	0.7997773536895674	1.5903307888040714E-4
21569	0.5998727735368956	0.39996819338422385	1.5903307888040714E-4
21570	0.20006361323155214	0.7997773536895674	1.5903307888040714E-4
21571	0.39996819338422385	0.5998727735368956	1.5903307888040714E-4
21572	0.39996819338422385	0.5998727735368956	1.5903307888040714E-4
21573	0.20006361323155214	0.7997773536895674	1.5903307888040714E-4
21574	0.20006361323155214	0.7997773536895674	1.5903307888040714E-4
21575	0.20006361323155214	0.7997773536895674	1.5903307888040714E-4
21576	0.39996819338422385	0.5998727735368956	1.5903307888040714E-4
21577	0.39996819338422385	0.5998727735368956	1.5903307888040714E-4
21578	0.20006361323155214	0.5998727735368956	0.20006361323155214
21579	0.5998727735368956	0.39996819338422385	1.5903307888040714E-4
21580	0.5998727735368956	0.39996819338422385	1.5903307888040714E-4
21581	0.20006361323155214	0.7997773536895674	1.5903307888040714E-4
21582	0.20006361323155214	0.7997773536895674	1.5903307888040714E-4
21583	0.20006361323155214	0.39996819338422385	0.39996819338422385
21584	0.20006361323155214	0.7997773536895674	1.5903307888040714E-4
21585	0.20006361323155214	0.7997773536895674	1.5903307888040714E-4
21586	0.20006361323155214	0.7997773536895674	1.5903307888040714E-4
21587	0.20006361323155214	0.5998727735368956	0.20006361323155214
21588	1.5903307888040714E-4	0.9996819338422391	1.5903307888040714E-4
21589	0.7997773536895674	0.20006361323155214	1.5903307888040714E-4
21590	0.5998727735368956	0.39996819338422385	1.5903307888040714E-4
21591	0.39996819338422385	0.5998727735368956	1.5903307888040714E-4
21592	0.5998727735368956	0.39996819338422385	1.5903307888040714E-4
21593	0.39996819338422385	0.5998727735368956	1.5903307888040714E-4
21594	1.5903307888040714E-4	0.9996819338422391	1.5903307888040714E-4
21595	0.39996819338422385	0.5998727735368956	1.5903307888040714E-4
21596	0.20006361323155214	0.7997773536895674	1.5903307888040714E-4
21597	0.20006361323155214	0.7997773536895674	1.5903307888040714E-4
21598	0.5998727735368956	0.39996819338422385	1.5903307888040714E-4
21599	0.20006361323155214	0.7997773536895674	1.5903307888040714E-4
21600	0.20006361323155214	0.7997773536895674	1.5903307888040714E-4
21601	0.20006361323155214	0.5998727735368956	0.20006361323155214
21602	0.20006361323155214	0.5998727735368956	0.20006361323155214
21603	0.20006361323155214	0.7997773536895674	1.5903307888040714E-4
21604	0.20006361323155214	0.7997773536895674	1.5903307888040714E-4
21605	0.39996819338422385	0.5998727735368956	1.5903307888040714E-4
21606	0.20006361323155214	0.5998727735368956	0.20006361323155214
21607	0.20006361323155214	0.5998727735368956	0.20006361323155214
21608	0.5998727735368956	0.39996819338422385	1.5903307888040714E-4
21609	0.39996819338422385	0.5998727735368956	1.5903307888040714E-4
21610	0.39996819338422385	0.39996819338422385	0.20006361323155214
21611	0.20006361323155214	0.7997773536895674	1.5903307888040714E-4
21612	0.20006361323155214	0.7997773536895674	1.5903307888040714E-4
21613	0.39996819338422385	0.5998727735368956	1.5903307888040714E-4
21614	0.5998727735368956	0.39996819338422385	1.5903307888040714E-4
21615	0.20006361323155214	0.7997773536895674	1.5903307888040714E-4
21616	0.20006361323155214	0.7997773536895674	1.5903307888040714E-4
21617	0.20006361323155214	0.7997773536895674	1.5903307888040714E-4
21618	0.5998727735368956	0.39996819338422385	1.5903307888040714E-4
21619	1.5903307888040714E-4	0.7997773536895674	0.20006361323155214
21620	0.39996819338422385	0.5998727735368956	1.5903307888040714E-4
21621	0.39996819338422385	0.5998727735368956	1.5903307888040714E-4
21622	0.39996819338422385	0.5998727735368956	1.5903307888040714E-4
21623	0.5998727735368956	0.39996819338422385	1.5903307888040714E-4
21624	0.39996819338422385	0.5998727735368956	1.5903307888040714E-4
21625	0.5998727735368956	0.39996819338422385	1.5903307888040714E-4
21626	0.39996819338422385	0.5998727735368956	1.5903307888040714E-4
21627	0.39996819338422385	0.5998727735368956	1.5903307888040714E-4
21628	0.39996819338422385	0.5998727735368956	1.5903307888040714E-4
21629	0.39996819338422385	0.5998727735368956	1.5903307888040714E-4
21630	0.39996819338422385	0.39996819338422385	0.20006361323155214
21631	0.39996819338422385	0.5998727735368956	1.5903307888040714E-4
21632	1.5903307888040714E-4	0.7997773536895674	0.20006361323155214
21633	0.7997773536895674	0.20006361323155214	1.5903307888040714E-4
21634	0.7997773536895674	0.20006361323155214	1.5903307888040714E-4
21635	0.20006361323155214	0.7997773536895674	1.5903307888040714E-4
21636	0.20006361323155214	0.7997773536895674	1.5903307888040714E-4
21637	0.20006361323155214	0.7997773536895674	1.5903307888040714E-4
21638	0.39996819338422385	0.5998727735368956	1.5903307888040714E-4
21639	0.39996819338422385	0.5998727735368956	1.5903307888040714E-4
21640	0.39996819338422385	0.5998727735368956	1.5903307888040714E-4
21641	0.20006361323155214	0.7997773536895674	1.5903307888040714E-4
21642	0.20006361323155214	0.7997773536895674	1.5903307888040714E-4
21643	0.7997773536895674	0.20006361323155214	1.5903307888040714E-4
21644	0.7997773536895674	0.20006361323155214	1.5903307888040714E-4
21645	0.39996819338422385	0.5998727735368956	1.5903307888040714E-4
21646	0.39996819338422385	0.5998727735368956	1.5903307888040714E-4
21647	0.20006361323155214	0.7997773536895674	1.5903307888040714E-4
21648	1.5903307888040714E-4	0.7997773536895674	0.20006361323155214
21649	0.20006361323155214	0.7997773536895674	1.5903307888040714E-4
21650	0.39996819338422385	0.5998727735368956	1.5903307888040714E-4
21651	0.39996819338422385	0.5998727735368956	1.5903307888040714E-4
21652	0.20006361323155214	0.7997773536895674	1.5903307888040714E-4
21653	0.39996819338422385	0.5998727735368956	1.5903307888040714E-4
21654	0.39996819338422385	0.5998727735368956	1.5903307888040714E-4
21655	0.20006361323155214	0.7997773536895674	1.5903307888040714E-4
21656	0.39996819338422385	0.5998727735368956	1.5903307888040714E-4
21657	0.39996819338422385	0.5998727735368956	1.5903307888040714E-4
21658	0.39996819338422385	0.5998727735368956	1.5903307888040714E-4
21659	0.39996819338422385	0.5998727735368956	1.5903307888040714E-4
21660	0.20006361323155214	0.5998727735368956	0.20006361323155214
21661	0.20006361323155214	0.7997773536895674	1.5903307888040714E-4
21662	0.20006361323155214	0.7997773536895674	1.5903307888040714E-4
21663	0.5998727735368956	0.39996819338422385	1.5903307888040714E-4
21664	0.39996819338422385	0.5998727735368956	1.5903307888040714E-4
21665	1.5903307888040714E-4	0.9996819338422391	1.5903307888040714E-4
21666	1.5903307888040714E-4	0.9996819338422391	1.5903307888040714E-4
21667	0.39996819338422385	0.5998727735368956	1.5903307888040714E-4
21668	0.7997773536895674	0.20006361323155214	1.5903307888040714E-4
21669	0.7997773536895674	0.20006361323155214	1.5903307888040714E-4
21670	0.7997773536895674	0.20006361323155214	1.5903307888040714E-4
21671	0.20006361323155214	0.7997773536895674	1.5903307888040714E-4
21672	0.39996819338422385	0.5998727735368956	1.5903307888040714E-4
21673	0.20006361323155214	0.7997773536895674	1.5903307888040714E-4
21674	0.20006361323155214	0.7997773536895674	1.5903307888040714E-4
21675	0.39996819338422385	0.5998727735368956	1.5903307888040714E-4
21676	0.7997773536895674	0.20006361323155214	1.5903307888040714E-4
21677	0.7997773536895674	0.20006361323155214	1.5903307888040714E-4
21678	0.20006361323155214	0.7997773536895674	1.5903307888040714E-4
21679	0.39996819338422385	0.5998727735368956	1.5903307888040714E-4
21680	0.39996819338422385	0.5998727735368956	1.5903307888040714E-4
21681	0.20006361323155214	0.7997773536895674	1.5903307888040714E-4
21682	0.20006361323155214	0.7997773536895674	1.5903307888040714E-4
21683	0.39996819338422385	0.5998727735368956	1.5903307888040714E-4
21684	0.39996819338422385	0.5998727735368956	1.5903307888040714E-4
21685	1.5903307888040714E-4	0.9996819338422391	1.5903307888040714E-4
21686	0.20006361323155214	0.7997773536895674	1.5903307888040714E-4
21687	0.20006361323155214	0.7997773536895674	1.5903307888040714E-4
21688	0.20006361323155214	0.7997773536895674	1.5903307888040714E-4
21689	0.20006361323155214	0.7997773536895674	1.5903307888040714E-4
21690	0.20006361323155214	0.7997773536895674	1.5903307888040714E-4
21691	1.5903307888040714E-4	0.9996819338422391	1.5903307888040714E-4
21692	0.39996819338422385	0.5998727735368956	1.5903307888040714E-4
21693	0.20006361323155214	0.7997773536895674	1.5903307888040714E-4
21694	0.20006361323155214	0.7997773536895674	1.5903307888040714E-4
21695	1.5903307888040714E-4	0.9996819338422391	1.5903307888040714E-4
21696	0.20006361323155214	0.7997773536895674	1.5903307888040714E-4
21697	0.20006361323155214	0.7997773536895674	1.5903307888040714E-4
21698	0.20006361323155214	0.7997773536895674	1.5903307888040714E-4
21699	0.20006361323155214	0.7997773536895674	1.5903307888040714E-4
21700	0.20006361323155214	0.7997773536895674	1.5903307888040714E-4
21701	0.39996819338422385	0.5998727735368956	1.5903307888040714E-4
21702	0.20006361323155214	0.7997773536895674	1.5903307888040714E-4
21703	0.39996819338422385	0.5998727735368956	1.5903307888040714E-4
21704	0.39996819338422385	0.39996819338422385	0.20006361323155214
21705	0.20006361323155214	0.5998727735368956	0.20006361323155214
21706	0.39996819338422385	0.5998727735368956	1.5903307888040714E-4
21707	0.20006361323155214	0.7997773536895674	1.5903307888040714E-4
21708	1.5903307888040714E-4	0.9996819338422391	1.5903307888040714E-4
21709	1.5903307888040714E-4	0.9996819338422391	1.5903307888040714E-4
21710	0.20006361323155214	0.5998727735368956	0.20006361323155214
21711	0.20006361323155214	0.7997773536895674	1.5903307888040714E-4
21712	0.7997773536895674	0.20006361323155214	1.5903307888040714E-4
21713	0.5998727735368956	0.39996819338422385	1.5903307888040714E-4
21714	0.20006361323155214	0.7997773536895674	1.5903307888040714E-4
21715	1.5903307888040714E-4	0.9996819338422391	1.5903307888040714E-4
21716	0.39996819338422385	0.39996819338422385	0.20006361323155214
21717	0.39996819338422385	0.39996819338422385	0.20006361323155214
21718	0.39996819338422385	0.5998727735368956	1.5903307888040714E-4
21719	0.39996819338422385	0.5998727735368956	1.5903307888040714E-4
21720	0.5998727735368956	0.39996819338422385	1.5903307888040714E-4
21721	0.5998727735368956	0.39996819338422385	1.5903307888040714E-4
21722	0.20006361323155214	0.7997773536895674	1.5903307888040714E-4
21723	0.20006361323155214	0.7997773536895674	1.5903307888040714E-4
21724	0.20006361323155214	0.7997773536895674	1.5903307888040714E-4
21725	1.5903307888040714E-4	0.7997773536895674	0.20006361323155214
21726	0.20006361323155214	0.7997773536895674	1.5903307888040714E-4
21727	0.20006361323155214	0.7997773536895674	1.5903307888040714E-4
21728	0.39996819338422385	0.5998727735368956	1.5903307888040714E-4
21729	0.39996819338422385	0.5998727735368956	1.5903307888040714E-4
21730	0.39996819338422385	0.5998727735368956	1.5903307888040714E-4
21731	0.39996819338422385	0.5998727735368956	1.5903307888040714E-4
21732	0.39996819338422385	0.5998727735368956	1.5903307888040714E-4
21733	0.39996819338422385	0.5998727735368956	1.5903307888040714E-4
21734	0.39996819338422385	0.5998727735368956	1.5903307888040714E-4
21735	0.39996819338422385	0.5998727735368956	1.5903307888040714E-4
21736	0.20006361323155214	0.5998727735368956	0.20006361323155214
21737	0.39996819338422385	0.39996819338422385	0.20006361323155214
21738	0.20006361323155214	0.7997773536895674	1.5903307888040714E-4
21739	0.5998727735368956	0.39996819338422385	1.5903307888040714E-4
21740	0.5998727735368956	0.39996819338422385	1.5903307888040714E-4
21741	0.20006361323155214	0.7997773536895674	1.5903307888040714E-4
21742	0.9996819338422391	1.5903307888040714E-4	1.5903307888040714E-4
21743	0.20006361323155214	0.7997773536895674	1.5903307888040714E-4
21744	0.39996819338422385	0.5998727735368956	1.5903307888040714E-4
21745	0.5998727735368956	0.39996819338422385	1.5903307888040714E-4
21746	0.5998727735368956	0.39996819338422385	1.5903307888040714E-4
21747	0.5998727735368956	0.39996819338422385	1.5903307888040714E-4
21748	1.5903307888040714E-4	0.7997773536895674	0.20006361323155214
21749	0.39996819338422385	0.5998727735368956	1.5903307888040714E-4
21750	0.39996819338422385	0.5998727735368956	1.5903307888040714E-4
21751	0.39996819338422385	0.5998727735368956	1.5903307888040714E-4
21752	0.5998727735368956	0.39996819338422385	1.5903307888040714E-4
21753	0.39996819338422385	0.5998727735368956	1.5903307888040714E-4
21754	0.20006361323155214	0.7997773536895674	1.5903307888040714E-4
21755	0.20006361323155214	0.7997773536895674	1.5903307888040714E-4
21756	0.39996819338422385	0.5998727735368956	1.5903307888040714E-4
21757	0.39996819338422385	0.5998727735368956	1.5903307888040714E-4
21758	0.7997773536895674	0.20006361323155214	1.5903307888040714E-4
21759	0.39996819338422385	0.5998727735368956	1.5903307888040714E-4
21760	1.5903307888040714E-4	0.9996819338422391	1.5903307888040714E-4
21761	1.5903307888040714E-4	0.9996819338422391	1.5903307888040714E-4
21762	0.39996819338422385	0.5998727735368956	1.5903307888040714E-4
21763	0.20006361323155214	0.7997773536895674	1.5903307888040714E-4
21764	0.20006361323155214	0.7997773536895674	1.5903307888040714E-4
21765	0.39996819338422385	0.5998727735368956	1.5903307888040714E-4
21766	0.39996819338422385	0.5998727735368956	1.5903307888040714E-4
21767	0.20006361323155214	0.7997773536895674	1.5903307888040714E-4
21768	0.39996819338422385	0.39996819338422385	0.20006361323155214
21769	0.39996819338422385	0.39996819338422385	0.20006361323155214
21770	0.20006361323155214	0.7997773536895674	1.5903307888040714E-4
21771	0.39996819338422385	0.5998727735368956	1.5903307888040714E-4
21772	0.5998727735368956	0.39996819338422385	1.5903307888040714E-4
21773	0.5998727735368956	0.39996819338422385	1.5903307888040714E-4
21774	0.5998727735368956	0.39996819338422385	1.5903307888040714E-4
21775	0.5998727735368956	0.39996819338422385	1.5903307888040714E-4
21776	0.39996819338422385	0.5998727735368956	1.5903307888040714E-4
21777	0.39996819338422385	0.5998727735368956	1.5903307888040714E-4
21778	1.5903307888040714E-4	0.9996819338422391	1.5903307888040714E-4
21779	0.20006361323155214	0.7997773536895674	1.5903307888040714E-4
21780	0.20006361323155214	0.7997773536895674	1.5903307888040714E-4
21781	0.39996819338422385	0.5998727735368956	1.5903307888040714E-4
21782	0.5998727735368956	0.39996819338422385	1.5903307888040714E-4
21783	0.20006361323155214	0.7997773536895674	1.5903307888040714E-4
21784	1.5903307888040714E-4	0.9996819338422391	1.5903307888040714E-4
21785	0.5998727735368956	0.39996819338422385	1.5903307888040714E-4
21786	0.5998727735368956	0.39996819338422385	1.5903307888040714E-4
21787	0.7997773536895674	0.20006361323155214	1.5903307888040714E-4
21788	0.20006361323155214	0.39996819338422385	0.39996819338422385
21789	0.39996819338422385	0.5998727735368956	1.5903307888040714E-4
21790	0.39996819338422385	0.5998727735368956	1.5903307888040714E-4
21791	0.20006361323155214	0.7997773536895674	1.5903307888040714E-4
21792	0.20006361323155214	0.7997773536895674	1.5903307888040714E-4
21793	1.5903307888040714E-4	0.9996819338422391	1.5903307888040714E-4
21794	0.20006361323155214	0.7997773536895674	1.5903307888040714E-4
21795	0.7997773536895674	0.20006361323155214	1.5903307888040714E-4
21796	0.5998727735368956	0.39996819338422385	1.5903307888040714E-4
21797	0.5998727735368956	0.39996819338422385	1.5903307888040714E-4
21798	0.5998727735368956	0.20006361323155214	0.20006361323155214
21799	0.20006361323155214	0.7997773536895674	1.5903307888040714E-4
21800	0.20006361323155214	0.5998727735368956	0.20006361323155214
21801	0.39996819338422385	0.5998727735368956	1.5903307888040714E-4
21802	0.20006361323155214	0.5998727735368956	0.20006361323155214
21803	0.20006361323155214	0.5998727735368956	0.20006361323155214
21804	0.5998727735368956	0.39996819338422385	1.5903307888040714E-4
21805	0.20006361323155214	0.7997773536895674	1.5903307888040714E-4
21806	0.20006361323155214	0.7997773536895674	1.5903307888040714E-4
21807	0.20006361323155214	0.7997773536895674	1.5903307888040714E-4
21808	0.20006361323155214	0.7997773536895674	1.5903307888040714E-4
21809	0.5998727735368956	0.39996819338422385	1.5903307888040714E-4
21810	0.5998727735368956	0.39996819338422385	1.5903307888040714E-4
21811	0.39996819338422385	0.5998727735368956	1.5903307888040714E-4
21812	0.20006361323155214	0.5998727735368956	0.20006361323155214
21813	0.20006361323155214	0.7997773536895674	1.5903307888040714E-4
21814	1.5903307888040714E-4	0.9996819338422391	1.5903307888040714E-4
21815	0.39996819338422385	0.39996819338422385	0.20006361323155214
21816	0.20006361323155214	0.7997773536895674	1.5903307888040714E-4
21817	0.20006361323155214	0.7997773536895674	1.5903307888040714E-4
21818	0.20006361323155214	0.7997773536895674	1.5903307888040714E-4
21819	0.20006361323155214	0.7997773536895674	1.5903307888040714E-4
21820	0.39996819338422385	0.39996819338422385	0.20006361323155214
21821	0.39996819338422385	0.39996819338422385	0.20006361323155214
21822	0.5998727735368956	0.39996819338422385	1.5903307888040714E-4
21823	0.20006361323155214	0.7997773536895674	1.5903307888040714E-4
21824	0.7997773536895674	0.20006361323155214	1.5903307888040714E-4
21825	0.20006361323155214	0.7997773536895674	1.5903307888040714E-4
21826	0.20006361323155214	0.7997773536895674	1.5903307888040714E-4
21827	0.39996819338422385	0.5998727735368956	1.5903307888040714E-4
21828	0.39996819338422385	0.5998727735368956	1.5903307888040714E-4
21829	0.20006361323155214	0.7997773536895674	1.5903307888040714E-4
21830	0.20006361323155214	0.7997773536895674	1.5903307888040714E-4
21831	0.39996819338422385	0.5998727735368956	1.5903307888040714E-4
21832	0.20006361323155214	0.7997773536895674	1.5903307888040714E-4
21833	0.5998727735368956	0.39996819338422385	1.5903307888040714E-4
21834	0.39996819338422385	0.5998727735368956	1.5903307888040714E-4
21835	0.39996819338422385	0.5998727735368956	1.5903307888040714E-4
21836	1.5903307888040714E-4	0.9996819338422391	1.5903307888040714E-4
21837	0.20006361323155214	0.7997773536895674	1.5903307888040714E-4
21838	0.20006361323155214	0.7997773536895674	1.5903307888040714E-4
21839	0.7997773536895674	0.20006361323155214	1.5903307888040714E-4
21840	0.39996819338422385	0.39996819338422385	0.20006361323155214
21841	0.20006361323155214	0.7997773536895674	1.5903307888040714E-4
21842	0.20006361323155214	0.7997773536895674	1.5903307888040714E-4
21843	0.20006361323155214	0.7997773536895674	1.5903307888040714E-4
21844	0.20006361323155214	0.7997773536895674	1.5903307888040714E-4
21845	0.20006361323155214	0.7997773536895674	1.5903307888040714E-4
21846	0.39996819338422385	0.5998727735368956	1.5903307888040714E-4
21847	1.5903307888040714E-4	0.9996819338422391	1.5903307888040714E-4
21848	0.20006361323155214	0.7997773536895674	1.5903307888040714E-4
21849	0.20006361323155214	0.5998727735368956	0.20006361323155214
21850	0.20006361323155214	0.7997773536895674	1.5903307888040714E-4
21851	1.5903307888040714E-4	0.9996819338422391	1.5903307888040714E-4
21852	1.5903307888040714E-4	0.9996819338422391	1.5903307888040714E-4
21853	0.20006361323155214	0.7997773536895674	1.5903307888040714E-4
21854	0.39996819338422385	0.5998727735368956	1.5903307888040714E-4
21855	0.39996819338422385	0.5998727735368956	1.5903307888040714E-4
21856	0.39996819338422385	0.5998727735368956	1.5903307888040714E-4
21857	0.39996819338422385	0.5998727735368956	1.5903307888040714E-4
21858	0.5998727735368956	0.39996819338422385	1.5903307888040714E-4
21859	0.5998727735368956	0.39996819338422385	1.5903307888040714E-4
21860	0.20006361323155214	0.5998727735368956	0.20006361323155214
21861	0.20006361323155214	0.5998727735368956	0.20006361323155214
21862	0.20006361323155214	0.7997773536895674	1.5903307888040714E-4
21863	0.20006361323155214	0.7997773536895674	1.5903307888040714E-4
21864	0.7997773536895674	0.20006361323155214	1.5903307888040714E-4
21865	0.20006361323155214	0.7997773536895674	1.5903307888040714E-4
21866	0.39996819338422385	0.5998727735368956	1.5903307888040714E-4
21867	0.5998727735368956	0.39996819338422385	1.5903307888040714E-4
21868	0.20006361323155214	0.7997773536895674	1.5903307888040714E-4
21869	0.20006361323155214	0.7997773536895674	1.5903307888040714E-4
21870	0.5998727735368956	0.39996819338422385	1.5903307888040714E-4
21871	0.20006361323155214	0.7997773536895674	1.5903307888040714E-4
21872	0.39996819338422385	0.5998727735368956	1.5903307888040714E-4
21873	0.39996819338422385	0.5998727735368956	1.5903307888040714E-4
21874	0.39996819338422385	0.5998727735368956	1.5903307888040714E-4
21875	0.39996819338422385	0.5998727735368956	1.5903307888040714E-4
21876	0.39996819338422385	0.39996819338422385	0.20006361323155214
21877	1.5903307888040714E-4	0.9996819338422391	1.5903307888040714E-4
21878	1.5903307888040714E-4	0.9996819338422391	1.5903307888040714E-4
21879	0.20006361323155214	0.7997773536895674	1.5903307888040714E-4
21880	0.39996819338422385	0.5998727735368956	1.5903307888040714E-4
21881	1.5903307888040714E-4	0.9996819338422391	1.5903307888040714E-4
21882	0.5998727735368956	0.39996819338422385	1.5903307888040714E-4
21883	0.39996819338422385	0.5998727735368956	1.5903307888040714E-4
21884	0.20006361323155214	0.7997773536895674	1.5903307888040714E-4
21885	0.20006361323155214	0.7997773536895674	1.5903307888040714E-4
21886	0.20006361323155214	0.7997773536895674	1.5903307888040714E-4
21887	0.39996819338422385	0.5998727735368956	1.5903307888040714E-4
21888	0.39996819338422385	0.5998727735368956	1.5903307888040714E-4
21889	0.5998727735368956	0.39996819338422385	1.5903307888040714E-4
21890	0.20006361323155214	0.7997773536895674	1.5903307888040714E-4
21891	0.39996819338422385	0.5998727735368956	1.5903307888040714E-4
21892	0.39996819338422385	0.5998727735368956	1.5903307888040714E-4
21893	0.20006361323155214	0.7997773536895674	1.5903307888040714E-4
21894	0.20006361323155214	0.7997773536895674	1.5903307888040714E-4
21895	0.39996819338422385	0.5998727735368956	1.5903307888040714E-4
21896	0.39996819338422385	0.5998727735368956	1.5903307888040714E-4
21897	0.20006361323155214	0.7997773536895674	1.5903307888040714E-4
21898	0.39996819338422385	0.5998727735368956	1.5903307888040714E-4
21899	0.5998727735368956	0.39996819338422385	1.5903307888040714E-4
21900	0.39996819338422385	0.5998727735368956	1.5903307888040714E-4
21901	0.39996819338422385	0.5998727735368956	1.5903307888040714E-4
21902	0.39996819338422385	0.5998727735368956	1.5903307888040714E-4
21903	0.20006361323155214	0.7997773536895674	1.5903307888040714E-4
21904	0.39996819338422385	0.5998727735368956	1.5903307888040714E-4
21905	0.5998727735368956	0.39996819338422385	1.5903307888040714E-4
21906	0.5998727735368956	0.39996819338422385	1.5903307888040714E-4
21907	0.39996819338422385	0.5998727735368956	1.5903307888040714E-4
21908	0.5998727735368956	0.39996819338422385	1.5903307888040714E-4
21909	0.5998727735368956	0.39996819338422385	1.5903307888040714E-4
21910	0.20006361323155214	0.7997773536895674	1.5903307888040714E-4
21911	0.20006361323155214	0.7997773536895674	1.5903307888040714E-4
21912	0.5998727735368956	0.39996819338422385	1.5903307888040714E-4
21913	0.7997773536895674	0.20006361323155214	1.5903307888040714E-4
21914	0.39996819338422385	0.5998727735368956	1.5903307888040714E-4
21915	0.39996819338422385	0.5998727735368956	1.5903307888040714E-4
21916	0.20006361323155214	0.7997773536895674	1.5903307888040714E-4
21917	0.20006361323155214	0.7997773536895674	1.5903307888040714E-4
21918	0.20006361323155214	0.5998727735368956	0.20006361323155214
21919	1.5903307888040714E-4	0.7997773536895674	0.20006361323155214
21920	0.5998727735368956	0.39996819338422385	1.5903307888040714E-4
21921	0.5998727735368956	0.39996819338422385	1.5903307888040714E-4
21922	0.20006361323155214	0.7997773536895674	1.5903307888040714E-4
21923	1.5903307888040714E-4	0.9996819338422391	1.5903307888040714E-4
21924	0.39996819338422385	0.5998727735368956	1.5903307888040714E-4
21925	0.39996819338422385	0.5998727735368956	1.5903307888040714E-4
21926	0.5998727735368956	0.39996819338422385	1.5903307888040714E-4
21927	0.20006361323155214	0.7997773536895674	1.5903307888040714E-4
21928	0.39996819338422385	0.5998727735368956	1.5903307888040714E-4
21929	0.5998727735368956	0.39996819338422385	1.5903307888040714E-4
21930	1.5903307888040714E-4	0.9996819338422391	1.5903307888040714E-4
21931	0.39996819338422385	0.5998727735368956	1.5903307888040714E-4
21932	0.20006361323155214	0.5998727735368956	0.20006361323155214
21933	0.20006361323155214	0.5998727735368956	0.20006361323155214
21934	0.20006361323155214	0.7997773536895674	1.5903307888040714E-4
21935	0.20006361323155214	0.7997773536895674	1.5903307888040714E-4
21936	0.20006361323155214	0.7997773536895674	1.5903307888040714E-4
21937	0.20006361323155214	0.7997773536895674	1.5903307888040714E-4
21938	1.5903307888040714E-4	0.9996819338422391	1.5903307888040714E-4
21939	0.5998727735368956	0.39996819338422385	1.5903307888040714E-4
21940	0.5998727735368956	0.39996819338422385	1.5903307888040714E-4
21941	1.5903307888040714E-4	0.9996819338422391	1.5903307888040714E-4
21942	0.20006361323155214	0.7997773536895674	1.5903307888040714E-4
21943	0.39996819338422385	0.5998727735368956	1.5903307888040714E-4
21944	0.20006361323155214	0.7997773536895674	1.5903307888040714E-4
21945	0.39996819338422385	0.5998727735368956	1.5903307888040714E-4
21946	0.5998727735368956	0.39996819338422385	1.5903307888040714E-4
21947	0.20006361323155214	0.7997773536895674	1.5903307888040714E-4
21948	0.20006361323155214	0.7997773536895674	1.5903307888040714E-4
21949	0.5998727735368956	0.39996819338422385	1.5903307888040714E-4
21950	0.5998727735368956	0.39996819338422385	1.5903307888040714E-4
21951	0.5998727735368956	0.39996819338422385	1.5903307888040714E-4
21952	0.20006361323155214	0.7997773536895674	1.5903307888040714E-4
21953	0.20006361323155214	0.7997773536895674	1.5903307888040714E-4
21954	0.20006361323155214	0.5998727735368956	0.20006361323155214
21955	1.5903307888040714E-4	0.9996819338422391	1.5903307888040714E-4
21956	1.5903307888040714E-4	0.9996819338422391	1.5903307888040714E-4
21957	0.7997773536895674	0.20006361323155214	1.5903307888040714E-4
21958	0.39996819338422385	0.39996819338422385	0.20006361323155214
21959	0.20006361323155214	0.7997773536895674	1.5903307888040714E-4
21960	0.39996819338422385	0.5998727735368956	1.5903307888040714E-4
21961	0.39996819338422385	0.5998727735368956	1.5903307888040714E-4
21962	0.39996819338422385	0.5998727735368956	1.5903307888040714E-4
21963	0.39996819338422385	0.5998727735368956	1.5903307888040714E-4
21964	0.39996819338422385	0.5998727735368956	1.5903307888040714E-4
21965	0.5998727735368956	0.39996819338422385	1.5903307888040714E-4
21966	0.39996819338422385	0.5998727735368956	1.5903307888040714E-4
21967	1.5903307888040714E-4	0.9996819338422391	1.5903307888040714E-4
21968	0.20006361323155214	0.7997773536895674	1.5903307888040714E-4
21969	0.20006361323155214	0.7997773536895674	1.5903307888040714E-4
21970	1.5903307888040714E-4	0.9996819338422391	1.5903307888040714E-4
21971	1.5903307888040714E-4	0.9996819338422391	1.5903307888040714E-4
21972	0.39996819338422385	0.5998727735368956	1.5903307888040714E-4
21973	0.5998727735368956	0.39996819338422385	1.5903307888040714E-4
21974	0.39996819338422385	0.5998727735368956	1.5903307888040714E-4
21975	0.39996819338422385	0.5998727735368956	1.5903307888040714E-4
21976	0.5998727735368956	0.39996819338422385	1.5903307888040714E-4
21977	0.20006361323155214	0.7997773536895674	1.5903307888040714E-4
21978	1.5903307888040714E-4	0.5998727735368956	0.39996819338422385
21979	0.39996819338422385	0.5998727735368956	1.5903307888040714E-4
21980	1.5903307888040714E-4	0.9996819338422391	1.5903307888040714E-4
21981	0.39996819338422385	0.5998727735368956	1.5903307888040714E-4
21982	0.20006361323155214	0.5998727735368956	0.20006361323155214
21983	0.20006361323155214	0.7997773536895674	1.5903307888040714E-4
21984	0.20006361323155214	0.7997773536895674	1.5903307888040714E-4
21985	0.20006361323155214	0.7997773536895674	1.5903307888040714E-4
21986	0.39996819338422385	0.5998727735368956	1.5903307888040714E-4
21987	0.39996819338422385	0.5998727735368956	1.5903307888040714E-4
21988	1.5903307888040714E-4	0.9996819338422391	1.5903307888040714E-4
21989	0.39996819338422385	0.5998727735368956	1.5903307888040714E-4
21990	0.20006361323155214	0.7997773536895674	1.5903307888040714E-4
21991	0.5998727735368956	0.39996819338422385	1.5903307888040714E-4
21992	1.5903307888040714E-4	0.9996819338422391	1.5903307888040714E-4
21993	0.5998727735368956	0.39996819338422385	1.5903307888040714E-4
21994	0.5998727735368956	0.39996819338422385	1.5903307888040714E-4
21995	0.20006361323155214	0.7997773536895674	1.5903307888040714E-4
21996	0.20006361323155214	0.7997773536895674	1.5903307888040714E-4
21997	0.39996819338422385	0.5998727735368956	1.5903307888040714E-4
21998	0.5998727735368956	0.39996819338422385	1.5903307888040714E-4
21999	0.5998727735368956	0.39996819338422385	1.5903307888040714E-4
22000	0.20006361323155214	0.7997773536895674	1.5903307888040714E-4
22001	0.20006361323155214	0.7997773536895674	1.5903307888040714E-4
22002	0.39996819338422385	0.5998727735368956	1.5903307888040714E-4
22003	0.20006361323155214	0.7997773536895674	1.5903307888040714E-4
22004	1.5903307888040714E-4	0.7997773536895674	0.20006361323155214
22005	0.20006361323155214	0.5998727735368956	0.20006361323155214
22006	0.20006361323155214	0.7997773536895674	1.5903307888040714E-4
22007	0.39996819338422385	0.5998727735368956	1.5903307888040714E-4
22008	0.39996819338422385	0.39996819338422385	0.20006361323155214
22009	0.5998727735368956	0.39996819338422385	1.5903307888040714E-4
22010	0.20006361323155214	0.5998727735368956	0.20006361323155214
22011	0.39996819338422385	0.5998727735368956	1.5903307888040714E-4
22012	0.39996819338422385	0.5998727735368956	1.5903307888040714E-4
22013	0.20006361323155214	0.7997773536895674	1.5903307888040714E-4
22014	0.20006361323155214	0.5998727735368956	0.20006361323155214
22015	0.20006361323155214	0.7997773536895674	1.5903307888040714E-4
22016	0.20006361323155214	0.7997773536895674	1.5903307888040714E-4
22017	0.5998727735368956	0.39996819338422385	1.5903307888040714E-4
22018	0.39996819338422385	0.5998727735368956	1.5903307888040714E-4
22019	0.39996819338422385	0.5998727735368956	1.5903307888040714E-4
22020	0.5998727735368956	0.39996819338422385	1.5903307888040714E-4
22021	0.20006361323155214	0.7997773536895674	1.5903307888040714E-4
22022	0.20006361323155214	0.7997773536895674	1.5903307888040714E-4
22023	0.39996819338422385	0.5998727735368956	1.5903307888040714E-4
22024	0.39996819338422385	0.5998727735368956	1.5903307888040714E-4
22025	0.39996819338422385	0.5998727735368956	1.5903307888040714E-4
22026	0.20006361323155214	0.7997773536895674	1.5903307888040714E-4
22027	0.20006361323155214	0.7997773536895674	1.5903307888040714E-4
22028	0.20006361323155214	0.7997773536895674	1.5903307888040714E-4
22029	0.5998727735368956	0.20006361323155214	0.20006361323155214
22030	0.39996819338422385	0.5998727735368956	1.5903307888040714E-4
22031	1.5903307888040714E-4	0.7997773536895674	0.20006361323155214
22032	0.20006361323155214	0.5998727735368956	0.20006361323155214
22033	0.20006361323155214	0.5998727735368956	0.20006361323155214
22034	0.39996819338422385	0.5998727735368956	1.5903307888040714E-4
22035	0.39996819338422385	0.5998727735368956	1.5903307888040714E-4
22036	0.20006361323155214	0.7997773536895674	1.5903307888040714E-4
22037	0.39996819338422385	0.5998727735368956	1.5903307888040714E-4
22038	0.39996819338422385	0.5998727735368956	1.5903307888040714E-4
22039	0.39996819338422385	0.5998727735368956	1.5903307888040714E-4
22040	0.20006361323155214	0.7997773536895674	1.5903307888040714E-4
22041	0.20006361323155214	0.7997773536895674	1.5903307888040714E-4
22042	0.20006361323155214	0.7997773536895674	1.5903307888040714E-4
22043	0.20006361323155214	0.7997773536895674	1.5903307888040714E-4
22044	0.20006361323155214	0.7997773536895674	1.5903307888040714E-4
22045	1.5903307888040714E-4	0.9996819338422391	1.5903307888040714E-4
22046	1.5903307888040714E-4	0.9996819338422391	1.5903307888040714E-4
22047	0.20006361323155214	0.7997773536895674	1.5903307888040714E-4
22048	0.20006361323155214	0.7997773536895674	1.5903307888040714E-4
22049	0.39996819338422385	0.5998727735368956	1.5903307888040714E-4
22050	0.20006361323155214	0.7997773536895674	1.5903307888040714E-4
22051	0.5998727735368956	0.39996819338422385	1.5903307888040714E-4
22052	0.7997773536895674	0.20006361323155214	1.5903307888040714E-4
22053	0.20006361323155214	0.7997773536895674	1.5903307888040714E-4
22054	0.20006361323155214	0.5998727735368956	0.20006361323155214
22055	0.20006361323155214	0.7997773536895674	1.5903307888040714E-4
22056	0.20006361323155214	0.5998727735368956	0.20006361323155214
22057	0.20006361323155214	0.5998727735368956	0.20006361323155214
22058	0.5998727735368956	0.39996819338422385	1.5903307888040714E-4
22059	0.5998727735368956	0.39996819338422385	1.5903307888040714E-4
22060	0.7997773536895674	0.20006361323155214	1.5903307888040714E-4
22061	1.5903307888040714E-4	0.7997773536895674	0.20006361323155214
22062	0.20006361323155214	0.7997773536895674	1.5903307888040714E-4
22063	0.20006361323155214	0.7997773536895674	1.5903307888040714E-4
22064	1.5903307888040714E-4	0.7997773536895674	0.20006361323155214
22065	0.20006361323155214	0.5998727735368956	0.20006361323155214
22066	0.39996819338422385	0.5998727735368956	1.5903307888040714E-4
22067	0.5998727735368956	0.39996819338422385	1.5903307888040714E-4
22068	0.20006361323155214	0.7997773536895674	1.5903307888040714E-4
22069	0.20006361323155214	0.7997773536895674	1.5903307888040714E-4
22070	0.20006361323155214	0.7997773536895674	1.5903307888040714E-4
22071	0.5998727735368956	0.39996819338422385	1.5903307888040714E-4
22072	0.5998727735368956	0.39996819338422385	1.5903307888040714E-4
22073	0.20006361323155214	0.7997773536895674	1.5903307888040714E-4
22074	0.20006361323155214	0.7997773536895674	1.5903307888040714E-4
22075	0.39996819338422385	0.5998727735368956	1.5903307888040714E-4
22076	0.39996819338422385	0.5998727735368956	1.5903307888040714E-4
22077	0.5998727735368956	0.39996819338422385	1.5903307888040714E-4
22078	0.20006361323155214	0.5998727735368956	0.20006361323155214
22079	0.20006361323155214	0.5998727735368956	0.20006361323155214
22080	0.20006361323155214	0.7997773536895674	1.5903307888040714E-4
22081	0.39996819338422385	0.5998727735368956	1.5903307888040714E-4
22082	0.5998727735368956	0.20006361323155214	0.20006361323155214
22083	0.7997773536895674	0.20006361323155214	1.5903307888040714E-4
22084	0.20006361323155214	0.7997773536895674	1.5903307888040714E-4
22085	0.20006361323155214	0.7997773536895674	1.5903307888040714E-4
22086	0.20006361323155214	0.7997773536895674	1.5903307888040714E-4
22087	0.39996819338422385	0.39996819338422385	0.20006361323155214
22088	1.5903307888040714E-4	0.7997773536895674	0.20006361323155214
22089	0.20006361323155214	0.7997773536895674	1.5903307888040714E-4
22090	0.20006361323155214	0.7997773536895674	1.5903307888040714E-4
22091	0.7997773536895674	0.20006361323155214	1.5903307888040714E-4
22092	0.5998727735368956	0.39996819338422385	1.5903307888040714E-4
22093	0.5998727735368956	0.39996819338422385	1.5903307888040714E-4
22094	0.20006361323155214	0.7997773536895674	1.5903307888040714E-4
22095	0.39996819338422385	0.5998727735368956	1.5903307888040714E-4
22096	0.39996819338422385	0.5998727735368956	1.5903307888040714E-4
22097	0.7997773536895674	0.20006361323155214	1.5903307888040714E-4
22098	0.7997773536895674	0.20006361323155214	1.5903307888040714E-4
22099	1.5903307888040714E-4	0.9996819338422391	1.5903307888040714E-4
22100	1.5903307888040714E-4	0.7997773536895674	0.20006361323155214
22101	0.39996819338422385	0.39996819338422385	0.20006361323155214
22102	0.7997773536895674	0.20006361323155214	1.5903307888040714E-4
22103	0.39996819338422385	0.5998727735368956	1.5903307888040714E-4
22104	0.5998727735368956	0.39996819338422385	1.5903307888040714E-4
22105	0.5998727735368956	0.39996819338422385	1.5903307888040714E-4
22106	0.5998727735368956	0.39996819338422385	1.5903307888040714E-4
22107	0.20006361323155214	0.7997773536895674	1.5903307888040714E-4
22108	0.20006361323155214	0.7997773536895674	1.5903307888040714E-4
22109	0.39996819338422385	0.5998727735368956	1.5903307888040714E-4
22110	0.7997773536895674	0.20006361323155214	1.5903307888040714E-4
22111	0.7997773536895674	0.20006361323155214	1.5903307888040714E-4
22112	0.39996819338422385	0.5998727735368956	1.5903307888040714E-4
22113	0.20006361323155214	0.7997773536895674	1.5903307888040714E-4
22114	0.39996819338422385	0.5998727735368956	1.5903307888040714E-4
22115	0.39996819338422385	0.5998727735368956	1.5903307888040714E-4
22116	0.39996819338422385	0.5998727735368956	1.5903307888040714E-4
22117	0.39996819338422385	0.5998727735368956	1.5903307888040714E-4
22118	0.20006361323155214	0.7997773536895674	1.5903307888040714E-4
22119	1.5903307888040714E-4	0.7997773536895674	0.20006361323155214
22120	0.5998727735368956	0.39996819338422385	1.5903307888040714E-4
22121	0.39996819338422385	0.5998727735368956	1.5903307888040714E-4
22122	0.39996819338422385	0.5998727735368956	1.5903307888040714E-4
22123	0.39996819338422385	0.5998727735368956	1.5903307888040714E-4
22124	1.5903307888040714E-4	0.9996819338422391	1.5903307888040714E-4
22125	1.5903307888040714E-4	0.9996819338422391	1.5903307888040714E-4
22126	0.20006361323155214	0.7997773536895674	1.5903307888040714E-4
22127	0.5998727735368956	0.39996819338422385	1.5903307888040714E-4
22128	0.20006361323155214	0.39996819338422385	0.39996819338422385
22129	0.20006361323155214	0.7997773536895674	1.5903307888040714E-4
22130	0.20006361323155214	0.7997773536895674	1.5903307888040714E-4
22131	0.20006361323155214	0.7997773536895674	1.5903307888040714E-4
22132	0.39996819338422385	0.39996819338422385	0.20006361323155214
22133	0.39996819338422385	0.5998727735368956	1.5903307888040714E-4
22134	0.20006361323155214	0.7997773536895674	1.5903307888040714E-4
22135	0.20006361323155214	0.7997773536895674	1.5903307888040714E-4
22136	0.5998727735368956	0.39996819338422385	1.5903307888040714E-4
22137	0.20006361323155214	0.7997773536895674	1.5903307888040714E-4
22138	0.39996819338422385	0.5998727735368956	1.5903307888040714E-4
22139	0.39996819338422385	0.5998727735368956	1.5903307888040714E-4
22140	0.39996819338422385	0.5998727735368956	1.5903307888040714E-4
22141	0.5998727735368956	0.39996819338422385	1.5903307888040714E-4
22142	0.5998727735368956	0.39996819338422385	1.5903307888040714E-4
22143	0.20006361323155214	0.7997773536895674	1.5903307888040714E-4
22144	0.20006361323155214	0.7997773536895674	1.5903307888040714E-4
22145	0.20006361323155214	0.7997773536895674	1.5903307888040714E-4
22146	0.5998727735368956	0.39996819338422385	1.5903307888040714E-4
22147	0.20006361323155214	0.7997773536895674	1.5903307888040714E-4
22148	0.5998727735368956	0.39996819338422385	1.5903307888040714E-4
22149	0.5998727735368956	0.39996819338422385	1.5903307888040714E-4
22150	0.5998727735368956	0.39996819338422385	1.5903307888040714E-4
22151	0.20006361323155214	0.7997773536895674	1.5903307888040714E-4
22152	0.5998727735368956	0.39996819338422385	1.5903307888040714E-4
22153	0.5998727735368956	0.39996819338422385	1.5903307888040714E-4
22154	0.39996819338422385	0.5998727735368956	1.5903307888040714E-4
22155	0.20006361323155214	0.7997773536895674	1.5903307888040714E-4
22156	0.5998727735368956	0.39996819338422385	1.5903307888040714E-4
22157	0.39996819338422385	0.5998727735368956	1.5903307888040714E-4
22158	0.5998727735368956	0.39996819338422385	1.5903307888040714E-4
22159	0.39996819338422385	0.39996819338422385	0.20006361323155214
22160	0.39996819338422385	0.5998727735368956	1.5903307888040714E-4
22161	0.39996819338422385	0.5998727735368956	1.5903307888040714E-4
22162	0.39996819338422385	0.5998727735368956	1.5903307888040714E-4
22163	0.5998727735368956	0.39996819338422385	1.5903307888040714E-4
22164	0.5998727735368956	0.39996819338422385	1.5903307888040714E-4
22165	0.20006361323155214	0.7997773536895674	1.5903307888040714E-4
22166	0.20006361323155214	0.7997773536895674	1.5903307888040714E-4
22167	0.20006361323155214	0.7997773536895674	1.5903307888040714E-4
22168	0.20006361323155214	0.7997773536895674	1.5903307888040714E-4
22169	0.20006361323155214	0.7997773536895674	1.5903307888040714E-4
22170	0.20006361323155214	0.7997773536895674	1.5903307888040714E-4
22171	0.20006361323155214	0.5998727735368956	0.20006361323155214
22172	1.5903307888040714E-4	0.9996819338422391	1.5903307888040714E-4
22173	0.20006361323155214	0.7997773536895674	1.5903307888040714E-4
22174	0.20006361323155214	0.7997773536895674	1.5903307888040714E-4
22175	0.5998727735368956	0.39996819338422385	1.5903307888040714E-4
22176	0.39996819338422385	0.39996819338422385	0.20006361323155214
22177	0.20006361323155214	0.5998727735368956	0.20006361323155214
22178	0.39996819338422385	0.5998727735368956	1.5903307888040714E-4
22179	0.39996819338422385	0.5998727735368956	1.5903307888040714E-4
22180	1.5903307888040714E-4	0.9996819338422391	1.5903307888040714E-4
22181	0.7997773536895674	0.20006361323155214	1.5903307888040714E-4
22182	0.39996819338422385	0.5998727735368956	1.5903307888040714E-4
22183	0.5998727735368956	0.39996819338422385	1.5903307888040714E-4
22184	0.5998727735368956	0.39996819338422385	1.5903307888040714E-4
22185	1.5903307888040714E-4	0.9996819338422391	1.5903307888040714E-4
22186	0.20006361323155214	0.5998727735368956	0.20006361323155214
22187	0.20006361323155214	0.5998727735368956	0.20006361323155214
22188	0.5998727735368956	0.39996819338422385	1.5903307888040714E-4
22189	0.39996819338422385	0.5998727735368956	1.5903307888040714E-4
22190	0.5998727735368956	0.39996819338422385	1.5903307888040714E-4
22191	0.5998727735368956	0.39996819338422385	1.5903307888040714E-4
22192	0.20006361323155214	0.7997773536895674	1.5903307888040714E-4
22193	0.39996819338422385	0.39996819338422385	0.20006361323155214
22194	0.20006361323155214	0.7997773536895674	1.5903307888040714E-4
22195	0.5998727735368956	0.39996819338422385	1.5903307888040714E-4
22196	0.5998727735368956	0.39996819338422385	1.5903307888040714E-4
22197	0.39996819338422385	0.5998727735368956	1.5903307888040714E-4
22198	0.5998727735368956	0.39996819338422385	1.5903307888040714E-4
22199	0.5998727735368956	0.39996819338422385	1.5903307888040714E-4
22200	1.5903307888040714E-4	0.9996819338422391	1.5903307888040714E-4
22201	1.5903307888040714E-4	0.9996819338422391	1.5903307888040714E-4
22202	0.5998727735368956	0.39996819338422385	1.5903307888040714E-4
22203	0.20006361323155214	0.7997773536895674	1.5903307888040714E-4
22204	0.20006361323155214	0.7997773536895674	1.5903307888040714E-4
22205	0.39996819338422385	0.5998727735368956	1.5903307888040714E-4
22206	0.20006361323155214	0.7997773536895674	1.5903307888040714E-4
22207	1.5903307888040714E-4	0.9996819338422391	1.5903307888040714E-4
22208	0.5998727735368956	0.39996819338422385	1.5903307888040714E-4
22209	0.20006361323155214	0.7997773536895674	1.5903307888040714E-4
22210	0.20006361323155214	0.7997773536895674	1.5903307888040714E-4
22211	0.20006361323155214	0.7997773536895674	1.5903307888040714E-4
22212	0.7997773536895674	0.20006361323155214	1.5903307888040714E-4
22213	0.5998727735368956	0.39996819338422385	1.5903307888040714E-4
22214	0.39996819338422385	0.5998727735368956	1.5903307888040714E-4
22215	0.39996819338422385	0.5998727735368956	1.5903307888040714E-4
22216	0.39996819338422385	0.5998727735368956	1.5903307888040714E-4
22217	1.5903307888040714E-4	0.7997773536895674	0.20006361323155214
22218	1.5903307888040714E-4	0.7997773536895674	0.20006361323155214
22219	0.7997773536895674	0.20006361323155214	1.5903307888040714E-4
22220	0.20006361323155214	0.7997773536895674	1.5903307888040714E-4
22221	0.20006361323155214	0.7997773536895674	1.5903307888040714E-4
22222	0.20006361323155214	0.7997773536895674	1.5903307888040714E-4
22223	0.5998727735368956	0.39996819338422385	1.5903307888040714E-4
22224	0.39996819338422385	0.5998727735368956	1.5903307888040714E-4
22225	0.20006361323155214	0.7997773536895674	1.5903307888040714E-4
22226	0.20006361323155214	0.7997773536895674	1.5903307888040714E-4
22227	0.20006361323155214	0.5998727735368956	0.20006361323155214
22228	0.39996819338422385	0.5998727735368956	1.5903307888040714E-4
22229	0.39996819338422385	0.5998727735368956	1.5903307888040714E-4
22230	0.39996819338422385	0.5998727735368956	1.5903307888040714E-4
22231	0.5998727735368956	0.39996819338422385	1.5903307888040714E-4
22232	0.20006361323155214	0.7997773536895674	1.5903307888040714E-4
22233	0.20006361323155214	0.5998727735368956	0.20006361323155214
22234	0.20006361323155214	0.5998727735368956	0.20006361323155214
22235	0.39996819338422385	0.5998727735368956	1.5903307888040714E-4
22236	0.39996819338422385	0.5998727735368956	1.5903307888040714E-4
22237	1.5903307888040714E-4	0.9996819338422391	1.5903307888040714E-4
22238	0.20006361323155214	0.7997773536895674	1.5903307888040714E-4
22239	0.20006361323155214	0.7997773536895674	1.5903307888040714E-4
22240	0.20006361323155214	0.7997773536895674	1.5903307888040714E-4
22241	1.5903307888040714E-4	0.9996819338422391	1.5903307888040714E-4
22242	0.20006361323155214	0.7997773536895674	1.5903307888040714E-4
22243	1.5903307888040714E-4	0.7997773536895674	0.20006361323155214
22244	0.20006361323155214	0.7997773536895674	1.5903307888040714E-4
22245	0.20006361323155214	0.7997773536895674	1.5903307888040714E-4
22246	0.5998727735368956	0.39996819338422385	1.5903307888040714E-4
22247	0.5998727735368956	0.39996819338422385	1.5903307888040714E-4
22248	0.20006361323155214	0.7997773536895674	1.5903307888040714E-4
22249	0.20006361323155214	0.7997773536895674	1.5903307888040714E-4
22250	0.20006361323155214	0.7997773536895674	1.5903307888040714E-4
22251	0.20006361323155214	0.5998727735368956	0.20006361323155214